roi_name,label,x_base,y_base
ROI_0,Dysplasia,37053.0,10394.0
ROI_0,Dysplasia,36943.0,10410.0
ROI_0,Dysplasia,36911.0,10426.0
ROI_0,Dysplasia,36848.0,10434.0
ROI_0,Dysplasia,36840.0,10442.0
ROI_0,Dysplasia,36603.0,10473.0
ROI_0,Dysplasia,36477.0,10529.0
ROI_0,Dysplasia,36453.0,10529.0
ROI_0,Dysplasia,36406.0,10545.0
ROI_0,Dysplasia,36342.0,10576.0
ROI_0,Dysplasia,36287.0,10576.0
ROI_0,Dysplasia,36279.0,10584.0
ROI_0,Dysplasia,36240.0,10584.0
ROI_0,Dysplasia,36232.0,10592.0
ROI_0,Dysplasia,36161.0,10600.0
ROI_0,Dysplasia,36113.0,10624.0
ROI_0,Dysplasia,35939.0,10679.0
ROI_0,Dysplasia,35924.0,10695.0
ROI_0,Dysplasia,35853.0,10726.0
ROI_0,Dysplasia,35805.0,10742.0
ROI_0,Dysplasia,35781.0,10742.0
ROI_0,Dysplasia,35774.0,10750.0
ROI_0,Dysplasia,35750.0,10750.0
ROI_0,Dysplasia,35647.0,10789.0
ROI_0,Dysplasia,35624.0,10789.0
ROI_0,Dysplasia,35592.0,10813.0
ROI_0,Dysplasia,35450.0,10860.0
ROI_0,Dysplasia,35402.0,10892.0
ROI_0,Dysplasia,35387.0,10892.0
ROI_0,Dysplasia,35260.0,10955.0
ROI_0,Dysplasia,35197.0,10963.0
ROI_0,Dysplasia,35189.0,10971.0
ROI_0,Dysplasia,35134.0,10971.0
ROI_0,Dysplasia,35126.0,10979.0
ROI_0,Dysplasia,35078.0,10979.0
ROI_0,Dysplasia,35071.0,10987.0
ROI_0,Dysplasia,35023.0,10987.0
ROI_0,Dysplasia,35015.0,10995.0
ROI_0,Dysplasia,34936.0,11003.0
ROI_0,Dysplasia,34881.0,11026.0
ROI_0,Dysplasia,34857.0,11026.0
ROI_0,Dysplasia,34834.0,11042.0
ROI_0,Dysplasia,34802.0,11042.0
ROI_0,Dysplasia,34723.0,11082.0
ROI_0,Dysplasia,34652.0,11097.0
ROI_0,Dysplasia,34589.0,11137.0
ROI_0,Dysplasia,34557.0,11145.0
ROI_0,Dysplasia,34518.0,11169.0
ROI_0,Dysplasia,34502.0,11169.0
ROI_0,Dysplasia,34447.0,11200.0
ROI_0,Dysplasia,34391.0,11208.0
ROI_0,Dysplasia,34383.0,11216.0
ROI_0,Dysplasia,34352.0,11216.0
ROI_0,Dysplasia,34344.0,11224.0
ROI_0,Dysplasia,34312.0,11224.0
ROI_0,Dysplasia,34304.0,11232.0
ROI_0,Dysplasia,34265.0,11232.0
ROI_0,Dysplasia,34257.0,11240.0
ROI_0,Dysplasia,34186.0,11248.0
ROI_0,Dysplasia,34044.0,11295.0
ROI_0,Dysplasia,33973.0,11334.0
ROI_0,Dysplasia,33862.0,11358.0
ROI_0,Dysplasia,33838.0,11374.0
ROI_0,Dysplasia,33775.0,11390.0
ROI_0,Dysplasia,33751.0,11406.0
ROI_0,Dysplasia,33680.0,11421.0
ROI_0,Dysplasia,33601.0,11453.0
ROI_0,Dysplasia,33404.0,11484.0
ROI_0,Dysplasia,33380.0,11500.0
ROI_0,Dysplasia,33357.0,11500.0
ROI_0,Dysplasia,33285.0,11524.0
ROI_0,Dysplasia,33206.0,11563.0
ROI_0,Dysplasia,33183.0,11587.0
ROI_0,Dysplasia,33167.0,11587.0
ROI_0,Dysplasia,33120.0,11611.0
ROI_0,Dysplasia,33072.0,11650.0
ROI_0,Dysplasia,33025.0,11666.0
ROI_0,Dysplasia,32993.0,11698.0
ROI_0,Dysplasia,32938.0,11729.0
ROI_0,Dysplasia,32883.0,11737.0
ROI_0,Dysplasia,32788.0,11769.0
ROI_0,Dysplasia,32733.0,11800.0
ROI_0,Dysplasia,32717.0,11800.0
ROI_0,Dysplasia,32661.0,11840.0
ROI_0,Dysplasia,32646.0,11840.0
ROI_0,Dysplasia,32551.0,11887.0
ROI_0,Dysplasia,32527.0,11887.0
ROI_0,Dysplasia,32496.0,11903.0
ROI_0,Dysplasia,32432.0,11911.0
ROI_0,Dysplasia,32424.0,11919.0
ROI_0,Dysplasia,32385.0,11919.0
ROI_0,Dysplasia,32377.0,11927.0
ROI_0,Dysplasia,32314.0,11927.0
ROI_0,Dysplasia,32306.0,11935.0
ROI_0,Dysplasia,32156.0,11935.0
ROI_0,Dysplasia,32148.0,11943.0
ROI_0,Dysplasia,32093.0,11943.0
ROI_0,Dysplasia,32085.0,11951.0
ROI_0,Dysplasia,32006.0,11958.0
ROI_0,Dysplasia,31998.0,11966.0
ROI_0,Dysplasia,31935.0,11974.0
ROI_0,Dysplasia,31927.0,11982.0
ROI_0,Dysplasia,31895.0,11982.0
ROI_0,Dysplasia,31864.0,11998.0
ROI_0,Dysplasia,31840.0,11998.0
ROI_0,Dysplasia,31745.0,12030.0
ROI_0,Dysplasia,31682.0,12061.0
ROI_0,Dysplasia,31642.0,12069.0
ROI_0,Dysplasia,31611.0,12093.0
ROI_0,Dysplasia,31492.0,12116.0
ROI_0,Dysplasia,31469.0,12132.0
ROI_0,Dysplasia,31382.0,12156.0
ROI_0,Dysplasia,31342.0,12180.0
ROI_0,Dysplasia,31295.0,12195.0
ROI_0,Dysplasia,31184.0,12195.0
ROI_0,Dysplasia,31176.0,12187.0
ROI_0,Dysplasia,31129.0,12187.0
ROI_0,Dysplasia,31105.0,12195.0
ROI_0,Dysplasia,31097.0,12187.0
ROI_0,Dysplasia,31018.0,12187.0
ROI_0,Dysplasia,31011.0,12195.0
ROI_0,Dysplasia,30900.0,12203.0
ROI_0,Dysplasia,30758.0,12251.0
ROI_0,Dysplasia,30703.0,12282.0
ROI_0,Dysplasia,30687.0,12282.0
ROI_0,Dysplasia,30616.0,12322.0
ROI_0,Dysplasia,30600.0,12345.0
ROI_0,Dysplasia,30529.0,12393.0
ROI_0,Dysplasia,30513.0,12393.0
ROI_0,Dysplasia,30489.0,12409.0
ROI_0,Dysplasia,30418.0,12432.0
ROI_0,Dysplasia,30292.0,12440.0
ROI_0,Dysplasia,30284.0,12448.0
ROI_0,Dysplasia,30236.0,12448.0
ROI_0,Dysplasia,30229.0,12440.0
ROI_0,Dysplasia,30110.0,12440.0
ROI_0,Dysplasia,30102.0,12432.0
ROI_0,Dysplasia,29818.0,12432.0
ROI_0,Dysplasia,29810.0,12424.0
ROI_0,Dysplasia,29660.0,12432.0
ROI_0,Dysplasia,29652.0,12440.0
ROI_0,Dysplasia,29612.0,12440.0
ROI_0,Dysplasia,29533.0,12472.0
ROI_0,Dysplasia,29407.0,12488.0
ROI_0,Dysplasia,29368.0,12503.0
ROI_0,Dysplasia,29312.0,12511.0
ROI_0,Dysplasia,29257.0,12535.0
ROI_0,Dysplasia,29202.0,12543.0
ROI_0,Dysplasia,29131.0,12575.0
ROI_0,Dysplasia,29115.0,12575.0
ROI_0,Dysplasia,29075.0,12598.0
ROI_0,Dysplasia,28949.0,12638.0
ROI_0,Dysplasia,28894.0,12669.0
ROI_0,Dysplasia,28862.0,12677.0
ROI_0,Dysplasia,28799.0,12740.0
ROI_0,Dysplasia,28791.0,12740.0
ROI_0,Dysplasia,28767.0,12772.0
ROI_0,Dysplasia,28736.0,12788.0
ROI_0,Dysplasia,28712.0,12812.0
ROI_0,Dysplasia,28696.0,12843.0
ROI_0,Dysplasia,28641.0,12906.0
ROI_0,Dysplasia,28507.0,12993.0
ROI_0,Dysplasia,28325.0,12993.0
ROI_0,Dysplasia,28317.0,13001.0
ROI_0,Dysplasia,28254.0,13001.0
ROI_0,Dysplasia,28214.0,13017.0
ROI_0,Dysplasia,28183.0,13017.0
ROI_0,Dysplasia,28175.0,13025.0
ROI_0,Dysplasia,28151.0,13025.0
ROI_0,Dysplasia,28143.0,13033.0
ROI_0,Dysplasia,28120.0,13033.0
ROI_0,Dysplasia,28048.0,13056.0
ROI_0,Dysplasia,27993.0,13088.0
ROI_0,Dysplasia,27977.0,13088.0
ROI_0,Dysplasia,27946.0,13112.0
ROI_0,Dysplasia,27930.0,13112.0
ROI_0,Dysplasia,27843.0,13151.0
ROI_0,Dysplasia,27725.0,13262.0
ROI_0,Dysplasia,27669.0,13341.0
ROI_0,Dysplasia,27598.0,13412.0
ROI_0,Dysplasia,27519.0,13459.0
ROI_0,Dysplasia,27472.0,13467.0
ROI_0,Dysplasia,27448.0,13451.0
ROI_0,Dysplasia,27377.0,13428.0
ROI_0,Dysplasia,27345.0,13428.0
ROI_0,Dysplasia,27338.0,13436.0
ROI_0,Dysplasia,27259.0,13436.0
ROI_0,Dysplasia,27203.0,13451.0
ROI_0,Dysplasia,27085.0,13530.0
ROI_0,Dysplasia,27077.0,13546.0
ROI_0,Dysplasia,26998.0,13617.0
ROI_0,Dysplasia,26982.0,13617.0
ROI_0,Dysplasia,26919.0,13657.0
ROI_0,Dysplasia,26824.0,13696.0
ROI_0,Dysplasia,26785.0,13736.0
ROI_0,Dysplasia,26721.0,13767.0
ROI_0,Dysplasia,26706.0,13767.0
ROI_0,Dysplasia,26690.0,13783.0
ROI_0,Dysplasia,26587.0,13830.0
ROI_0,Dysplasia,26548.0,13878.0
ROI_0,Dysplasia,26516.0,13894.0
ROI_0,Dysplasia,26484.0,13925.0
ROI_0,Dysplasia,26445.0,13941.0
ROI_0,Dysplasia,26382.0,13996.0
ROI_0,Dysplasia,26311.0,14028.0
ROI_0,Dysplasia,26263.0,14060.0
ROI_0,Dysplasia,26248.0,14060.0
ROI_0,Dysplasia,26200.0,14083.0
ROI_0,Dysplasia,26137.0,14123.0
ROI_0,Dysplasia,26121.0,14123.0
ROI_0,Dysplasia,26074.0,14146.0
ROI_0,Dysplasia,26034.0,14178.0
ROI_0,Dysplasia,26018.0,14178.0
ROI_0,Dysplasia,25963.0,14210.0
ROI_0,Dysplasia,25939.0,14233.0
ROI_0,Dysplasia,25884.0,14257.0
ROI_0,Dysplasia,25853.0,14281.0
ROI_0,Dysplasia,25837.0,14281.0
ROI_0,Dysplasia,25758.0,14320.0
ROI_0,Dysplasia,25734.0,14344.0
ROI_0,Dysplasia,25631.0,14391.0
ROI_0,Dysplasia,25616.0,14407.0
ROI_0,Dysplasia,25584.0,14415.0
ROI_0,Dysplasia,25529.0,14447.0
ROI_0,Dysplasia,25513.0,14447.0
ROI_0,Dysplasia,25473.0,14486.0
ROI_0,Dysplasia,25426.0,14502.0
ROI_0,Dysplasia,25371.0,14541.0
ROI_0,Dysplasia,25315.0,14565.0
ROI_0,Dysplasia,25244.0,14628.0
ROI_0,Dysplasia,25126.0,14691.0
ROI_0,Dysplasia,25110.0,14691.0
ROI_0,Dysplasia,25063.0,14715.0
ROI_0,Dysplasia,25023.0,14755.0
ROI_0,Dysplasia,25000.0,14763.0
ROI_0,Dysplasia,24936.0,14810.0
ROI_0,Dysplasia,24889.0,14826.0
ROI_0,Dysplasia,24834.0,14865.0
ROI_0,Dysplasia,24818.0,14865.0
ROI_0,Dysplasia,24699.0,14928.0
ROI_0,Dysplasia,24684.0,14928.0
ROI_0,Dysplasia,24620.0,14960.0
ROI_0,Dysplasia,24589.0,14992.0
ROI_0,Dysplasia,24565.0,15000.0
ROI_0,Dysplasia,24470.0,15071.0
ROI_0,Dysplasia,24439.0,15078.0
ROI_0,Dysplasia,24391.0,15126.0
ROI_0,Dysplasia,24383.0,15126.0
ROI_0,Dysplasia,24352.0,15165.0
ROI_0,Dysplasia,24289.0,15221.0
ROI_0,Dysplasia,24225.0,15331.0
ROI_0,Dysplasia,24162.0,15394.0
ROI_0,Dysplasia,24123.0,15418.0
ROI_0,Dysplasia,24091.0,15450.0
ROI_0,Dysplasia,24067.0,15458.0
ROI_0,Dysplasia,24036.0,15497.0
ROI_0,Dysplasia,23902.0,15624.0
ROI_0,Dysplasia,23783.0,15679.0
ROI_0,Dysplasia,23767.0,15695.0
ROI_0,Dysplasia,23720.0,15710.0
ROI_0,Dysplasia,23665.0,15750.0
ROI_0,Dysplasia,23617.0,15766.0
ROI_0,Dysplasia,23570.0,15797.0
ROI_0,Dysplasia,23538.0,15805.0
ROI_0,Dysplasia,23522.0,15821.0
ROI_0,Dysplasia,23483.0,15829.0
ROI_0,Dysplasia,23451.0,15853.0
ROI_0,Dysplasia,23420.0,15860.0
ROI_0,Dysplasia,23404.0,15876.0
ROI_0,Dysplasia,23364.0,15884.0
ROI_0,Dysplasia,23301.0,15916.0
ROI_0,Dysplasia,23262.0,15955.0
ROI_0,Dysplasia,23238.0,15963.0
ROI_0,Dysplasia,23214.0,16018.0
ROI_0,Dysplasia,23183.0,16058.0
ROI_0,Dysplasia,23159.0,16105.0
ROI_0,Dysplasia,23159.0,16121.0
ROI_0,Dysplasia,23088.0,16255.0
ROI_0,Dysplasia,22954.0,16382.0
ROI_0,Dysplasia,22740.0,16453.0
ROI_0,Dysplasia,22543.0,16484.0
ROI_0,Dysplasia,22480.0,16516.0
ROI_0,Dysplasia,22432.0,16532.0
ROI_0,Dysplasia,22409.0,16532.0
ROI_0,Dysplasia,22377.0,16548.0
ROI_0,Dysplasia,22353.0,16548.0
ROI_0,Dysplasia,22314.0,16571.0
ROI_0,Dysplasia,22298.0,16571.0
ROI_0,Dysplasia,22109.0,16721.0
ROI_0,Dysplasia,21935.0,16903.0
ROI_0,Dysplasia,21887.0,16919.0
ROI_0,Dysplasia,21832.0,16958.0
ROI_0,Dysplasia,21777.0,16982.0
ROI_0,Dysplasia,21745.0,17014.0
ROI_0,Dysplasia,21682.0,17045.0
ROI_0,Dysplasia,21556.0,17085.0
ROI_0,Dysplasia,21429.0,17148.0
ROI_0,Dysplasia,21406.0,17148.0
ROI_0,Dysplasia,21334.0,17172.0
ROI_0,Dysplasia,21271.0,17203.0
ROI_0,Dysplasia,21176.0,17290.0
ROI_0,Dysplasia,21153.0,17298.0
ROI_0,Dysplasia,21018.0,17448.0
ROI_0,Dysplasia,21003.0,17503.0
ROI_0,Dysplasia,20955.0,17606.0
ROI_0,Dysplasia,20947.0,17646.0
ROI_0,Dysplasia,20892.0,17709.0
ROI_0,Dysplasia,20868.0,17756.0
ROI_0,Dysplasia,20821.0,17804.0
ROI_0,Dysplasia,20734.0,17851.0
ROI_0,Dysplasia,20639.0,17875.0
ROI_0,Dysplasia,20560.0,17914.0
ROI_0,Dysplasia,20513.0,17922.0
ROI_0,Dysplasia,20434.0,17985.0
ROI_0,Dysplasia,20410.0,17993.0
ROI_0,Dysplasia,20347.0,18072.0
ROI_0,Dysplasia,20252.0,18167.0
ROI_0,Dysplasia,20244.0,18191.0
ROI_0,Dysplasia,20197.0,18254.0
ROI_0,Dysplasia,20197.0,18270.0
ROI_0,Dysplasia,20150.0,18357.0
ROI_0,Dysplasia,20142.0,18412.0
ROI_0,Dysplasia,20126.0,18451.0
ROI_0,Dysplasia,20126.0,18483.0
ROI_0,Dysplasia,20118.0,18491.0
ROI_0,Dysplasia,20118.0,18538.0
ROI_0,Dysplasia,20110.0,18546.0
ROI_0,Dysplasia,20102.0,18617.0
ROI_0,Dysplasia,20063.0,18712.0
ROI_0,Dysplasia,20023.0,18759.0
ROI_0,Dysplasia,20015.0,18783.0
ROI_0,Dysplasia,19928.0,18878.0
ROI_0,Dysplasia,19928.0,18886.0
ROI_0,Dysplasia,19810.0,18996.0
ROI_0,Dysplasia,19810.0,19004.0
ROI_0,Dysplasia,19723.0,19099.0
ROI_0,Dysplasia,19715.0,19099.0
ROI_0,Dysplasia,19652.0,19162.0
ROI_0,Dysplasia,19494.0,19241.0
ROI_0,Dysplasia,19423.0,19320.0
ROI_0,Dysplasia,19415.0,19320.0
ROI_0,Dysplasia,19352.0,19383.0
ROI_0,Dysplasia,19304.0,19470.0
ROI_0,Dysplasia,19265.0,19518.0
ROI_0,Dysplasia,19218.0,19660.0
ROI_0,Dysplasia,19178.0,19739.0
ROI_0,Dysplasia,19115.0,19818.0
ROI_0,Dysplasia,19099.0,19849.0
ROI_0,Dysplasia,19067.0,19881.0
ROI_0,Dysplasia,19052.0,19921.0
ROI_0,Dysplasia,18996.0,19984.0
ROI_0,Dysplasia,18933.0,20173.0
ROI_0,Dysplasia,18909.0,20221.0
ROI_0,Dysplasia,18894.0,20236.0
ROI_0,Dysplasia,18870.0,20244.0
ROI_0,Dysplasia,18807.0,20308.0
ROI_0,Dysplasia,18759.0,20331.0
ROI_0,Dysplasia,18712.0,20371.0
ROI_0,Dysplasia,18672.0,20387.0
ROI_0,Dysplasia,18657.0,20410.0
ROI_0,Dysplasia,18593.0,20450.0
ROI_0,Dysplasia,18593.0,20458.0
ROI_0,Dysplasia,18538.0,20505.0
ROI_0,Dysplasia,18515.0,20513.0
ROI_0,Dysplasia,18317.0,20758.0
ROI_0,Dysplasia,18293.0,20821.0
ROI_0,Dysplasia,18254.0,20868.0
ROI_0,Dysplasia,18230.0,20939.0
ROI_0,Dysplasia,18183.0,21026.0
ROI_0,Dysplasia,18159.0,21161.0
ROI_0,Dysplasia,18120.0,21279.0
ROI_0,Dysplasia,18112.0,21398.0
ROI_0,Dysplasia,18104.0,21406.0
ROI_0,Dysplasia,18104.0,21429.0
ROI_0,Dysplasia,18072.0,21477.0
ROI_0,Dysplasia,18041.0,21508.0
ROI_0,Dysplasia,17985.0,21532.0
ROI_0,Dysplasia,17914.0,21579.0
ROI_0,Dysplasia,17796.0,21603.0
ROI_0,Dysplasia,17725.0,21635.0
ROI_0,Dysplasia,17709.0,21650.0
ROI_0,Dysplasia,17693.0,21650.0
ROI_0,Dysplasia,17630.0,21706.0
ROI_0,Dysplasia,17551.0,21793.0
ROI_0,Dysplasia,17527.0,21848.0
ROI_0,Dysplasia,17488.0,21895.0
ROI_0,Dysplasia,17480.0,21935.0
ROI_0,Dysplasia,17417.0,22045.0
ROI_0,Dysplasia,17409.0,22101.0
ROI_0,Dysplasia,17385.0,22156.0
ROI_0,Dysplasia,17385.0,22211.0
ROI_0,Dysplasia,17377.0,22219.0
ROI_0,Dysplasia,17377.0,22274.0
ROI_0,Dysplasia,17369.0,22282.0
ROI_0,Dysplasia,17369.0,22488.0
ROI_0,Dysplasia,17377.0,22496.0
ROI_0,Dysplasia,17377.0,22551.0
ROI_0,Dysplasia,17361.0,22590.0
ROI_0,Dysplasia,17306.0,22638.0
ROI_0,Dysplasia,17219.0,22661.0
ROI_0,Dysplasia,17124.0,22709.0
ROI_0,Dysplasia,17093.0,22717.0
ROI_0,Dysplasia,16982.0,22804.0
ROI_0,Dysplasia,16982.0,22819.0
ROI_0,Dysplasia,16951.0,22875.0
ROI_0,Dysplasia,16951.0,22890.0
ROI_0,Dysplasia,16919.0,22938.0
ROI_0,Dysplasia,16903.0,22985.0
ROI_0,Dysplasia,16903.0,23009.0
ROI_0,Dysplasia,16879.0,23041.0
ROI_0,Dysplasia,16840.0,23127.0
ROI_0,Dysplasia,16745.0,23214.0
ROI_0,Dysplasia,16737.0,23214.0
ROI_0,Dysplasia,16650.0,23301.0
ROI_0,Dysplasia,16642.0,23325.0
ROI_0,Dysplasia,16603.0,23357.0
ROI_0,Dysplasia,16516.0,23522.0
ROI_0,Dysplasia,16477.0,23570.0
ROI_0,Dysplasia,16477.0,23586.0
ROI_0,Dysplasia,16453.0,23625.0
ROI_0,Dysplasia,16279.0,23791.0
ROI_0,Dysplasia,16255.0,23838.0
ROI_0,Dysplasia,16224.0,23870.0
ROI_0,Dysplasia,16176.0,23981.0
ROI_0,Dysplasia,16145.0,24020.0
ROI_0,Dysplasia,16050.0,24099.0
ROI_0,Dysplasia,15979.0,24131.0
ROI_0,Dysplasia,15900.0,24218.0
ROI_0,Dysplasia,15884.0,24249.0
ROI_0,Dysplasia,15837.0,24304.0
ROI_0,Dysplasia,15829.0,24344.0
ROI_0,Dysplasia,15758.0,24478.0
ROI_0,Dysplasia,15710.0,24526.0
ROI_0,Dysplasia,15695.0,24557.0
ROI_0,Dysplasia,15639.0,24620.0
ROI_0,Dysplasia,15584.0,24715.0
ROI_0,Dysplasia,15545.0,24834.0
ROI_0,Dysplasia,15552.0,24881.0
ROI_0,Dysplasia,15576.0,24928.0
ROI_0,Dysplasia,15582.0,24960.0
ROI_0,Dysplasia,15742.0,25197.0
ROI_0,Dysplasia,15781.0,25213.0
ROI_0,Dysplasia,15868.0,25221.0
ROI_0,Dysplasia,15900.0,25236.0
ROI_0,Dysplasia,15995.0,25244.0
ROI_0,Dysplasia,16121.0,25189.0
ROI_0,Dysplasia,16169.0,25142.0
ROI_0,Dysplasia,16248.0,25102.0
ROI_0,Dysplasia,16327.0,25000.0
ROI_0,Dysplasia,16374.0,24968.0
ROI_0,Dysplasia,16398.0,24921.0
ROI_0,Dysplasia,16500.0,24826.0
ROI_0,Dysplasia,16508.0,24802.0
ROI_0,Dysplasia,16611.0,24699.0
ROI_0,Dysplasia,16611.0,24691.0
ROI_0,Dysplasia,16721.0,24573.0
ROI_0,Dysplasia,16721.0,24565.0
ROI_0,Dysplasia,16777.0,24518.0
ROI_0,Dysplasia,16777.0,24510.0
ROI_0,Dysplasia,16824.0,24462.0
ROI_0,Dysplasia,16832.0,24439.0
ROI_0,Dysplasia,16895.0,24383.0
ROI_0,Dysplasia,16974.0,24265.0
ROI_0,Dysplasia,17030.0,24218.0
ROI_0,Dysplasia,17085.0,24131.0
ROI_0,Dysplasia,17140.0,24083.0
ROI_0,Dysplasia,17140.0,24067.0
ROI_0,Dysplasia,17172.0,24004.0
ROI_0,Dysplasia,17211.0,23965.0
ROI_0,Dysplasia,17219.0,23933.0
ROI_0,Dysplasia,17274.0,23878.0
ROI_0,Dysplasia,17322.0,23799.0
ROI_0,Dysplasia,17401.0,23720.0
ROI_0,Dysplasia,17440.0,23633.0
ROI_0,Dysplasia,17480.0,23586.0
ROI_0,Dysplasia,17488.0,23562.0
ROI_0,Dysplasia,17519.0,23530.0
ROI_0,Dysplasia,17535.0,23483.0
ROI_0,Dysplasia,17559.0,23459.0
ROI_0,Dysplasia,17598.0,23388.0
ROI_0,Dysplasia,17646.0,23341.0
ROI_0,Dysplasia,17669.0,23254.0
ROI_0,Dysplasia,17685.0,23222.0
ROI_0,Dysplasia,17709.0,23199.0
ROI_0,Dysplasia,17717.0,23167.0
ROI_0,Dysplasia,17788.0,23080.0
ROI_0,Dysplasia,17843.0,22969.0
ROI_0,Dysplasia,17898.0,22906.0
ROI_0,Dysplasia,17906.0,22883.0
ROI_0,Dysplasia,17962.0,22812.0
ROI_0,Dysplasia,17962.0,22796.0
ROI_0,Dysplasia,18033.0,22717.0
ROI_0,Dysplasia,18048.0,22669.0
ROI_0,Dysplasia,18072.0,22630.0
ROI_0,Dysplasia,18072.0,22614.0
ROI_0,Dysplasia,18104.0,22575.0
ROI_0,Dysplasia,18112.0,22551.0
ROI_0,Dysplasia,18151.0,22511.0
ROI_0,Dysplasia,18159.0,22480.0
ROI_0,Dysplasia,18230.0,22377.0
ROI_0,Dysplasia,18238.0,22353.0
ROI_0,Dysplasia,18270.0,22322.0
ROI_0,Dysplasia,18285.0,22282.0
ROI_0,Dysplasia,18333.0,22211.0
ROI_0,Dysplasia,18357.0,22148.0
ROI_0,Dysplasia,18380.0,22124.0
ROI_0,Dysplasia,18420.0,22053.0
ROI_0,Dysplasia,18420.0,22037.0
ROI_0,Dysplasia,18467.0,21951.0
ROI_0,Dysplasia,18475.0,21903.0
ROI_0,Dysplasia,18530.0,21816.0
ROI_0,Dysplasia,18546.0,21777.0
ROI_0,Dysplasia,18570.0,21753.0
ROI_0,Dysplasia,18617.0,21658.0
ROI_0,Dysplasia,18704.0,21556.0
ROI_0,Dysplasia,18728.0,21508.0
ROI_0,Dysplasia,18807.0,21429.0
ROI_0,Dysplasia,18854.0,21342.0
ROI_0,Dysplasia,18902.0,21295.0
ROI_0,Dysplasia,18933.0,21232.0
ROI_0,Dysplasia,18933.0,21216.0
ROI_0,Dysplasia,18973.0,21161.0
ROI_0,Dysplasia,18988.0,21113.0
ROI_0,Dysplasia,19028.0,21066.0
ROI_0,Dysplasia,19060.0,21011.0
ROI_0,Dysplasia,19091.0,20987.0
ROI_0,Dysplasia,19107.0,20947.0
ROI_0,Dysplasia,19146.0,20908.0
ROI_0,Dysplasia,19194.0,20813.0
ROI_0,Dysplasia,19218.0,20781.0
ROI_0,Dysplasia,19218.0,20766.0
ROI_0,Dysplasia,19249.0,20726.0
ROI_0,Dysplasia,19257.0,20703.0
ROI_0,Dysplasia,19289.0,20671.0
ROI_0,Dysplasia,19296.0,20639.0
ROI_0,Dysplasia,19328.0,20608.0
ROI_0,Dysplasia,19375.0,20521.0
ROI_0,Dysplasia,19423.0,20473.0
ROI_0,Dysplasia,19494.0,20347.0
ROI_0,Dysplasia,19541.0,20292.0
ROI_0,Dysplasia,19549.0,20260.0
ROI_0,Dysplasia,19597.0,20189.0
ROI_0,Dysplasia,19636.0,20134.0
ROI_0,Dysplasia,19676.0,20094.0
ROI_0,Dysplasia,19747.0,19960.0
ROI_0,Dysplasia,19802.0,19905.0
ROI_0,Dysplasia,19802.0,19889.0
ROI_0,Dysplasia,19826.0,19849.0
ROI_0,Dysplasia,20000.0,19668.0
ROI_0,Dysplasia,20015.0,19636.0
ROI_0,Dysplasia,20047.0,19605.0
ROI_0,Dysplasia,20055.0,19581.0
ROI_0,Dysplasia,20118.0,19486.0
ROI_0,Dysplasia,20165.0,19439.0
ROI_0,Dysplasia,20236.0,19328.0
ROI_0,Dysplasia,20244.0,19304.0
ROI_0,Dysplasia,20323.0,19210.0
ROI_0,Dysplasia,20371.0,19115.0
ROI_0,Dysplasia,20434.0,19044.0
ROI_0,Dysplasia,20458.0,18981.0
ROI_0,Dysplasia,20473.0,18965.0
ROI_0,Dysplasia,20513.0,18878.0
ROI_0,Dysplasia,20545.0,18838.0
ROI_0,Dysplasia,20584.0,18759.0
ROI_0,Dysplasia,20671.0,18665.0
ROI_0,Dysplasia,20695.0,18609.0
ROI_0,Dysplasia,20845.0,18436.0
ROI_0,Dysplasia,20900.0,18396.0
ROI_0,Dysplasia,20924.0,18388.0
ROI_0,Dysplasia,20924.0,18380.0
ROI_0,Dysplasia,20995.0,18309.0
ROI_0,Dysplasia,20995.0,18301.0
ROI_0,Dysplasia,21058.0,18246.0
ROI_0,Dysplasia,21137.0,18159.0
ROI_0,Dysplasia,21176.0,18135.0
ROI_0,Dysplasia,21224.0,18056.0
ROI_0,Dysplasia,21255.0,18025.0
ROI_0,Dysplasia,21263.0,18001.0
ROI_0,Dysplasia,21303.0,17977.0
ROI_0,Dysplasia,21366.0,17906.0
ROI_0,Dysplasia,21382.0,17898.0
ROI_0,Dysplasia,21398.0,17867.0
ROI_0,Dysplasia,21437.0,17835.0
ROI_0,Dysplasia,21453.0,17804.0
ROI_0,Dysplasia,21540.0,17709.0
ROI_0,Dysplasia,21548.0,17709.0
ROI_0,Dysplasia,21587.0,17669.0
ROI_0,Dysplasia,21642.0,17646.0
ROI_0,Dysplasia,21777.0,17535.0
ROI_0,Dysplasia,21793.0,17535.0
ROI_0,Dysplasia,21840.0,17511.0
ROI_0,Dysplasia,21887.0,17472.0
ROI_0,Dysplasia,21943.0,17456.0
ROI_0,Dysplasia,21958.0,17440.0
ROI_0,Dysplasia,22037.0,17401.0
ROI_0,Dysplasia,22085.0,17393.0
ROI_0,Dysplasia,22140.0,17345.0
ROI_0,Dysplasia,22180.0,17330.0
ROI_0,Dysplasia,22219.0,17298.0
ROI_0,Dysplasia,22306.0,17259.0
ROI_0,Dysplasia,22338.0,17227.0
ROI_0,Dysplasia,22432.0,17187.0
ROI_0,Dysplasia,22480.0,17148.0
ROI_0,Dysplasia,22503.0,17140.0
ROI_0,Dysplasia,22543.0,17093.0
ROI_0,Dysplasia,22582.0,17077.0
ROI_0,Dysplasia,22606.0,17053.0
ROI_0,Dysplasia,22701.0,17014.0
ROI_0,Dysplasia,22740.0,16974.0
ROI_0,Dysplasia,22843.0,16927.0
ROI_0,Dysplasia,22962.0,16895.0
ROI_0,Dysplasia,23056.0,16808.0
ROI_0,Dysplasia,23151.0,16761.0
ROI_0,Dysplasia,23262.0,16674.0
ROI_0,Dysplasia,23341.0,16635.0
ROI_0,Dysplasia,23388.0,16587.0
ROI_0,Dysplasia,23436.0,16556.0
ROI_0,Dysplasia,23483.0,16508.0
ROI_0,Dysplasia,23491.0,16484.0
ROI_0,Dysplasia,23554.0,16421.0
ROI_0,Dysplasia,23633.0,16382.0
ROI_0,Dysplasia,23680.0,16334.0
ROI_0,Dysplasia,23712.0,16327.0
ROI_0,Dysplasia,23744.0,16295.0
ROI_0,Dysplasia,23767.0,16287.0
ROI_0,Dysplasia,23807.0,16255.0
ROI_0,Dysplasia,23838.0,16248.0
ROI_0,Dysplasia,23878.0,16208.0
ROI_0,Dysplasia,23965.0,16176.0
ROI_0,Dysplasia,23996.0,16145.0
ROI_0,Dysplasia,24036.0,16129.0
ROI_0,Dysplasia,24060.0,16097.0
ROI_0,Dysplasia,24099.0,16082.0
ROI_0,Dysplasia,24115.0,16066.0
ROI_0,Dysplasia,24218.0,16011.0
ROI_0,Dysplasia,24257.0,15955.0
ROI_0,Dysplasia,24312.0,15924.0
ROI_0,Dysplasia,24344.0,15916.0
ROI_0,Dysplasia,24391.0,15884.0
ROI_0,Dysplasia,24454.0,15821.0
ROI_0,Dysplasia,24478.0,15813.0
ROI_0,Dysplasia,24510.0,15781.0
ROI_0,Dysplasia,24565.0,15750.0
ROI_0,Dysplasia,24676.0,15647.0
ROI_0,Dysplasia,24723.0,15624.0
ROI_0,Dysplasia,24810.0,15537.0
ROI_0,Dysplasia,24897.0,15489.0
ROI_0,Dysplasia,24928.0,15458.0
ROI_0,Dysplasia,24976.0,15442.0
ROI_0,Dysplasia,25023.0,15410.0
ROI_0,Dysplasia,25150.0,15355.0
ROI_0,Dysplasia,25181.0,15323.0
ROI_0,Dysplasia,25236.0,15308.0
ROI_0,Dysplasia,25331.0,15252.0
ROI_0,Dysplasia,25379.0,15236.0
ROI_0,Dysplasia,25402.0,15236.0
ROI_0,Dysplasia,25481.0,15197.0
ROI_0,Dysplasia,25568.0,15126.0
ROI_0,Dysplasia,25608.0,15110.0
ROI_0,Dysplasia,25647.0,15078.0
ROI_0,Dysplasia,25789.0,14944.0
ROI_0,Dysplasia,25860.0,14913.0
ROI_0,Dysplasia,25955.0,14826.0
ROI_0,Dysplasia,26018.0,14794.0
ROI_0,Dysplasia,26066.0,14747.0
ROI_0,Dysplasia,26097.0,14731.0
ROI_0,Dysplasia,26129.0,14691.0
ROI_0,Dysplasia,26176.0,14668.0
ROI_0,Dysplasia,26216.0,14628.0
ROI_0,Dysplasia,26248.0,14612.0
ROI_0,Dysplasia,26334.0,14526.0
ROI_0,Dysplasia,26421.0,14478.0
ROI_0,Dysplasia,26461.0,14439.0
ROI_0,Dysplasia,26477.0,14439.0
ROI_0,Dysplasia,26587.0,14375.0
ROI_0,Dysplasia,26650.0,14352.0
ROI_0,Dysplasia,26729.0,14296.0
ROI_0,Dysplasia,26745.0,14296.0
ROI_0,Dysplasia,26785.0,14273.0
ROI_0,Dysplasia,26800.0,14273.0
ROI_0,Dysplasia,26848.0,14241.0
ROI_0,Dysplasia,26887.0,14233.0
ROI_0,Dysplasia,26935.0,14210.0
ROI_0,Dysplasia,26958.0,14186.0
ROI_0,Dysplasia,26982.0,14186.0
ROI_0,Dysplasia,27037.0,14162.0
ROI_0,Dysplasia,27061.0,14162.0
ROI_0,Dysplasia,27085.0,14146.0
ROI_0,Dysplasia,27164.0,14139.0
ROI_0,Dysplasia,27203.0,14123.0
ROI_0,Dysplasia,27251.0,14123.0
ROI_0,Dysplasia,27259.0,14115.0
ROI_0,Dysplasia,27503.0,14115.0
ROI_0,Dysplasia,27511.0,14107.0
ROI_0,Dysplasia,27567.0,14107.0
ROI_0,Dysplasia,27575.0,14099.0
ROI_0,Dysplasia,27638.0,14091.0
ROI_0,Dysplasia,27709.0,14052.0
ROI_0,Dysplasia,27764.0,14036.0
ROI_0,Dysplasia,27780.0,14020.0
ROI_0,Dysplasia,27867.0,13973.0
ROI_0,Dysplasia,27930.0,13909.0
ROI_0,Dysplasia,27938.0,13909.0
ROI_0,Dysplasia,27977.0,13870.0
ROI_0,Dysplasia,28001.0,13862.0
ROI_0,Dysplasia,28096.0,13775.0
ROI_0,Dysplasia,28167.0,13744.0
ROI_0,Dysplasia,28238.0,13736.0
ROI_0,Dysplasia,28333.0,13704.0
ROI_0,Dysplasia,28396.0,13696.0
ROI_0,Dysplasia,28428.0,13680.0
ROI_0,Dysplasia,28554.0,13665.0
ROI_0,Dysplasia,28562.0,13657.0
ROI_0,Dysplasia,28641.0,13641.0
ROI_0,Dysplasia,28665.0,13625.0
ROI_0,Dysplasia,28751.0,13601.0
ROI_0,Dysplasia,28767.0,13593.0
ROI_0,Dysplasia,28807.0,13546.0
ROI_0,Dysplasia,28862.0,13507.0
ROI_0,Dysplasia,28878.0,13507.0
ROI_0,Dysplasia,28957.0,13459.0
ROI_0,Dysplasia,28973.0,13436.0
ROI_0,Dysplasia,29020.0,13412.0
ROI_0,Dysplasia,29060.0,13372.0
ROI_0,Dysplasia,29131.0,13333.0
ROI_0,Dysplasia,29162.0,13301.0
ROI_0,Dysplasia,29241.0,13262.0
ROI_0,Dysplasia,29360.0,13222.0
ROI_0,Dysplasia,29447.0,13206.0
ROI_0,Dysplasia,29454.0,13199.0
ROI_0,Dysplasia,29494.0,13199.0
ROI_0,Dysplasia,29502.0,13191.0
ROI_0,Dysplasia,29612.0,13191.0
ROI_0,Dysplasia,29620.0,13183.0
ROI_0,Dysplasia,29660.0,13183.0
ROI_0,Dysplasia,29699.0,13167.0
ROI_0,Dysplasia,29731.0,13167.0
ROI_0,Dysplasia,29739.0,13159.0
ROI_0,Dysplasia,29794.0,13159.0
ROI_0,Dysplasia,29802.0,13151.0
ROI_0,Dysplasia,29849.0,13151.0
ROI_0,Dysplasia,29857.0,13143.0
ROI_0,Dysplasia,29944.0,13143.0
ROI_0,Dysplasia,29952.0,13135.0
ROI_0,Dysplasia,29992.0,13135.0
ROI_0,Dysplasia,30000.0,13127.0
ROI_0,Dysplasia,30339.0,13127.0
ROI_0,Dysplasia,30347.0,13120.0
ROI_0,Dysplasia,30426.0,13120.0
ROI_0,Dysplasia,30434.0,13112.0
ROI_0,Dysplasia,30537.0,13104.0
ROI_0,Dysplasia,30584.0,13088.0
ROI_0,Dysplasia,30647.0,13048.0
ROI_0,Dysplasia,30703.0,13033.0
ROI_0,Dysplasia,30742.0,13009.0
ROI_0,Dysplasia,30789.0,13001.0
ROI_0,Dysplasia,30892.0,12954.0
ROI_0,Dysplasia,30908.0,12954.0
ROI_0,Dysplasia,30939.0,12930.0
ROI_0,Dysplasia,30979.0,12914.0
ROI_0,Dysplasia,31018.0,12914.0
ROI_0,Dysplasia,31026.0,12906.0
ROI_0,Dysplasia,31113.0,12906.0
ROI_0,Dysplasia,31121.0,12898.0
ROI_0,Dysplasia,31248.0,12898.0
ROI_0,Dysplasia,31255.0,12890.0
ROI_0,Dysplasia,31319.0,12890.0
ROI_0,Dysplasia,31327.0,12883.0
ROI_0,Dysplasia,31500.0,12859.0
ROI_0,Dysplasia,31508.0,12851.0
ROI_0,Dysplasia,31540.0,12851.0
ROI_0,Dysplasia,31595.0,12827.0
ROI_0,Dysplasia,31635.0,12796.0
ROI_0,Dysplasia,31706.0,12772.0
ROI_0,Dysplasia,31769.0,12764.0
ROI_0,Dysplasia,31777.0,12756.0
ROI_0,Dysplasia,31824.0,12756.0
ROI_0,Dysplasia,31872.0,12740.0
ROI_0,Dysplasia,32069.0,12733.0
ROI_0,Dysplasia,32077.0,12725.0
ROI_0,Dysplasia,32109.0,12725.0
ROI_0,Dysplasia,32140.0,12709.0
ROI_0,Dysplasia,32172.0,12709.0
ROI_0,Dysplasia,32243.0,12685.0
ROI_0,Dysplasia,32266.0,12669.0
ROI_0,Dysplasia,32322.0,12661.0
ROI_0,Dysplasia,32385.0,12638.0
ROI_0,Dysplasia,32456.0,12630.0
ROI_0,Dysplasia,32527.0,12606.0
ROI_0,Dysplasia,32559.0,12606.0
ROI_0,Dysplasia,32567.0,12598.0
ROI_0,Dysplasia,32622.0,12590.0
ROI_0,Dysplasia,32646.0,12575.0
ROI_0,Dysplasia,32685.0,12575.0
ROI_0,Dysplasia,32733.0,12559.0
ROI_0,Dysplasia,32772.0,12535.0
ROI_0,Dysplasia,32843.0,12527.0
ROI_0,Dysplasia,32851.0,12519.0
ROI_0,Dysplasia,32875.0,12519.0
ROI_0,Dysplasia,32922.0,12503.0
ROI_0,Dysplasia,32969.0,12480.0
ROI_0,Dysplasia,33056.0,12464.0
ROI_0,Dysplasia,33151.0,12409.0
ROI_0,Dysplasia,33238.0,12385.0
ROI_0,Dysplasia,33293.0,12353.0
ROI_0,Dysplasia,33309.0,12353.0
ROI_0,Dysplasia,33364.0,12322.0
ROI_0,Dysplasia,33396.0,12290.0
ROI_0,Dysplasia,33522.0,12235.0
ROI_0,Dysplasia,33593.0,12211.0
ROI_0,Dysplasia,33617.0,12211.0
ROI_0,Dysplasia,33641.0,12195.0
ROI_0,Dysplasia,33696.0,12187.0
ROI_0,Dysplasia,33744.0,12164.0
ROI_0,Dysplasia,33838.0,12148.0
ROI_0,Dysplasia,33894.0,12124.0
ROI_0,Dysplasia,33925.0,12124.0
ROI_0,Dysplasia,34044.0,12085.0
ROI_0,Dysplasia,34075.0,12085.0
ROI_0,Dysplasia,34115.0,12045.0
ROI_0,Dysplasia,34170.0,12006.0
ROI_0,Dysplasia,34194.0,12006.0
ROI_0,Dysplasia,34202.0,11998.0
ROI_0,Dysplasia,34257.0,11998.0
ROI_0,Dysplasia,34265.0,11990.0
ROI_0,Dysplasia,34320.0,11990.0
ROI_0,Dysplasia,34360.0,11974.0
ROI_0,Dysplasia,34423.0,11966.0
ROI_0,Dysplasia,34431.0,11958.0
ROI_0,Dysplasia,34470.0,11958.0
ROI_0,Dysplasia,34636.0,11903.0
ROI_0,Dysplasia,34747.0,11840.0
ROI_0,Dysplasia,34786.0,11832.0
ROI_0,Dysplasia,34928.0,11721.0
ROI_0,Dysplasia,35039.0,11698.0
ROI_0,Dysplasia,35047.0,11690.0
ROI_0,Dysplasia,35071.0,11690.0
ROI_0,Dysplasia,35094.0,11682.0
ROI_0,Dysplasia,35110.0,11666.0
ROI_0,Dysplasia,35134.0,11666.0
ROI_0,Dysplasia,35205.0,11642.0
ROI_0,Dysplasia,35244.0,11619.0
ROI_0,Dysplasia,35268.0,11619.0
ROI_0,Dysplasia,35308.0,11603.0
ROI_0,Dysplasia,35339.0,11603.0
ROI_0,Dysplasia,35363.0,11587.0
ROI_0,Dysplasia,35402.0,11579.0
ROI_0,Dysplasia,35442.0,11540.0
ROI_0,Dysplasia,35481.0,11524.0
ROI_0,Dysplasia,35568.0,11469.0
ROI_0,Dysplasia,35600.0,11461.0
ROI_0,Dysplasia,35647.0,11413.0
ROI_0,Dysplasia,35734.0,11374.0
ROI_0,Dysplasia,35853.0,11350.0
ROI_0,Dysplasia,35884.0,11334.0
ROI_0,Dysplasia,35979.0,11319.0
ROI_0,Dysplasia,36161.0,11232.0
ROI_0,Dysplasia,36240.0,11208.0
ROI_0,Dysplasia,36319.0,11161.0
ROI_0,Dysplasia,36374.0,11153.0
ROI_0,Dysplasia,36382.0,11145.0
ROI_0,Dysplasia,36413.0,11145.0
ROI_0,Dysplasia,36571.0,11090.0
ROI_0,Dysplasia,36595.0,11090.0
ROI_0,Dysplasia,36642.0,11074.0
ROI_0,Dysplasia,36690.0,11034.0
ROI_0,Dysplasia,36753.0,11011.0
ROI_0,Dysplasia,36856.0,11003.0
ROI_0,Dysplasia,36864.0,10995.0
ROI_0,Dysplasia,36903.0,10995.0
ROI_0,Dysplasia,36911.0,10987.0
ROI_0,Dysplasia,37037.0,10971.0
ROI_0,Dysplasia,37045.0,10963.0
ROI_0,Dysplasia,37195.0,10947.0
ROI_0,Dysplasia,37243.0,10932.0
ROI_0,Dysplasia,37298.0,10900.0
ROI_0,Dysplasia,37386.0,10874.0
ROI_0,Dysplasia,37058.0,10389.0
ROI_0,Dysplasia,37053.0,10394.0
ROI_5,Dysplasia,47148.0,17480.0
ROI_5,Dysplasia,47140.0,17480.0
ROI_5,Dysplasia,47085.0,17543.0
ROI_5,Dysplasia,47061.0,17551.0
ROI_5,Dysplasia,46958.0,17646.0
ROI_5,Dysplasia,46895.0,17677.0
ROI_5,Dysplasia,46808.0,17764.0
ROI_5,Dysplasia,46714.0,17890.0
ROI_5,Dysplasia,46674.0,17914.0
ROI_5,Dysplasia,46611.0,17977.0
ROI_5,Dysplasia,46587.0,18017.0
ROI_5,Dysplasia,46477.0,18120.0
ROI_5,Dysplasia,46469.0,18143.0
ROI_5,Dysplasia,46421.0,18183.0
ROI_5,Dysplasia,46350.0,18293.0
ROI_5,Dysplasia,46311.0,18333.0
ROI_5,Dysplasia,46303.0,18333.0
ROI_5,Dysplasia,46255.0,18412.0
ROI_5,Dysplasia,46176.0,18499.0
ROI_5,Dysplasia,46161.0,18538.0
ROI_5,Dysplasia,46105.0,18601.0
ROI_5,Dysplasia,46090.0,18633.0
ROI_5,Dysplasia,46050.0,18672.0
ROI_5,Dysplasia,46042.0,18672.0
ROI_5,Dysplasia,46026.0,18704.0
ROI_5,Dysplasia,45979.0,18759.0
ROI_5,Dysplasia,45963.0,18799.0
ROI_5,Dysplasia,45908.0,18862.0
ROI_5,Dysplasia,45821.0,19028.0
ROI_5,Dysplasia,45797.0,19052.0
ROI_5,Dysplasia,45781.0,19099.0
ROI_5,Dysplasia,45718.0,19218.0
ROI_5,Dysplasia,45695.0,19296.0
ROI_5,Dysplasia,45663.0,19344.0
ROI_5,Dysplasia,45663.0,19368.0
ROI_5,Dysplasia,45624.0,19454.0
ROI_5,Dysplasia,45624.0,19470.0
ROI_5,Dysplasia,45600.0,19502.0
ROI_5,Dysplasia,45576.0,19573.0
ROI_5,Dysplasia,45537.0,19628.0
ROI_5,Dysplasia,45529.0,19684.0
ROI_5,Dysplasia,45489.0,19763.0
ROI_5,Dysplasia,45489.0,19778.0
ROI_5,Dysplasia,45402.0,19944.0
ROI_5,Dysplasia,45355.0,20007.0
ROI_5,Dysplasia,45315.0,20102.0
ROI_5,Dysplasia,45284.0,20134.0
ROI_5,Dysplasia,45284.0,20165.0
ROI_5,Dysplasia,45276.0,20173.0
ROI_5,Dysplasia,45268.0,20229.0
ROI_5,Dysplasia,45221.0,20331.0
ROI_5,Dysplasia,45221.0,20355.0
ROI_5,Dysplasia,45205.0,20379.0
ROI_5,Dysplasia,45197.0,20434.0
ROI_5,Dysplasia,45181.0,20450.0
ROI_5,Dysplasia,45150.0,20513.0
ROI_5,Dysplasia,45150.0,20545.0
ROI_5,Dysplasia,45110.0,20663.0
ROI_5,Dysplasia,45071.0,20742.0
ROI_5,Dysplasia,45031.0,20789.0
ROI_5,Dysplasia,45015.0,20837.0
ROI_5,Dysplasia,45015.0,20860.0
ROI_5,Dysplasia,44889.0,21145.0
ROI_5,Dysplasia,44889.0,21169.0
ROI_5,Dysplasia,44873.0,21192.0
ROI_5,Dysplasia,44865.0,21240.0
ROI_5,Dysplasia,44849.0,21271.0
ROI_5,Dysplasia,44842.0,21350.0
ROI_5,Dysplasia,44826.0,21390.0
ROI_5,Dysplasia,44826.0,21413.0
ROI_5,Dysplasia,44810.0,21445.0
ROI_5,Dysplasia,44786.0,21469.0
ROI_5,Dysplasia,44763.0,21524.0
ROI_5,Dysplasia,44763.0,21556.0
ROI_5,Dysplasia,44707.0,21714.0
ROI_5,Dysplasia,44691.0,21793.0
ROI_5,Dysplasia,44644.0,21887.0
ROI_5,Dysplasia,44636.0,21943.0
ROI_5,Dysplasia,44612.0,21998.0
ROI_5,Dysplasia,44612.0,22022.0
ROI_5,Dysplasia,44581.0,22109.0
ROI_5,Dysplasia,44581.0,22132.0
ROI_5,Dysplasia,44549.0,22203.0
ROI_5,Dysplasia,44526.0,22235.0
ROI_5,Dysplasia,44510.0,22338.0
ROI_5,Dysplasia,44486.0,22401.0
ROI_5,Dysplasia,44486.0,22440.0
ROI_5,Dysplasia,44454.0,22519.0
ROI_5,Dysplasia,44447.0,22582.0
ROI_5,Dysplasia,44407.0,22669.0
ROI_5,Dysplasia,44399.0,22725.0
ROI_5,Dysplasia,44391.0,22733.0
ROI_5,Dysplasia,44391.0,22764.0
ROI_5,Dysplasia,44352.0,22883.0
ROI_5,Dysplasia,44328.0,22922.0
ROI_5,Dysplasia,44320.0,22954.0
ROI_5,Dysplasia,44289.0,22985.0
ROI_5,Dysplasia,44273.0,23017.0
ROI_5,Dysplasia,44273.0,23033.0
ROI_5,Dysplasia,44257.0,23056.0
ROI_5,Dysplasia,44257.0,23080.0
ROI_5,Dysplasia,44241.0,23104.0
ROI_5,Dysplasia,44241.0,23120.0
ROI_5,Dysplasia,44210.0,23191.0
ROI_5,Dysplasia,44202.0,23246.0
ROI_5,Dysplasia,44186.0,23285.0
ROI_5,Dysplasia,44186.0,23333.0
ROI_5,Dysplasia,44154.0,23420.0
ROI_5,Dysplasia,44146.0,23475.0
ROI_5,Dysplasia,44115.0,23562.0
ROI_5,Dysplasia,44115.0,23586.0
ROI_5,Dysplasia,44099.0,23609.0
ROI_5,Dysplasia,44091.0,23665.0
ROI_5,Dysplasia,44083.0,23672.0
ROI_5,Dysplasia,44083.0,23712.0
ROI_5,Dysplasia,44020.0,23815.0
ROI_5,Dysplasia,44012.0,23854.0
ROI_5,Dysplasia,43957.0,23981.0
ROI_5,Dysplasia,43949.0,24028.0
ROI_5,Dysplasia,43925.0,24075.0
ROI_5,Dysplasia,43925.0,24099.0
ROI_5,Dysplasia,43902.0,24139.0
ROI_5,Dysplasia,43886.0,24202.0
ROI_5,Dysplasia,43846.0,24281.0
ROI_5,Dysplasia,43830.0,24344.0
ROI_5,Dysplasia,43799.0,24399.0
ROI_5,Dysplasia,43775.0,24423.0
ROI_5,Dysplasia,43712.0,24549.0
ROI_5,Dysplasia,43696.0,24620.0
ROI_5,Dysplasia,43657.0,24691.0
ROI_5,Dysplasia,43649.0,24731.0
ROI_5,Dysplasia,43617.0,24802.0
ROI_5,Dysplasia,43570.0,25015.0
ROI_5,Dysplasia,43507.0,25189.0
ROI_5,Dysplasia,43507.0,25213.0
ROI_5,Dysplasia,43499.0,25221.0
ROI_5,Dysplasia,43499.0,25244.0
ROI_5,Dysplasia,43483.0,25292.0
ROI_5,Dysplasia,43467.0,25315.0
ROI_5,Dysplasia,43467.0,25339.0
ROI_5,Dysplasia,43443.0,25402.0
ROI_5,Dysplasia,43436.0,25466.0
ROI_5,Dysplasia,43428.0,25489.0
ROI_5,Dysplasia,43412.0,25505.0
ROI_5,Dysplasia,43412.0,25521.0
ROI_5,Dysplasia,43380.0,25592.0
ROI_5,Dysplasia,43380.0,25616.0
ROI_5,Dysplasia,43357.0,25671.0
ROI_5,Dysplasia,43349.0,25726.0
ROI_5,Dysplasia,43309.0,25837.0
ROI_5,Dysplasia,43309.0,25860.0
ROI_5,Dysplasia,43199.0,26192.0
ROI_5,Dysplasia,43199.0,26224.0
ROI_5,Dysplasia,43183.0,26263.0
ROI_5,Dysplasia,43183.0,26287.0
ROI_5,Dysplasia,43167.0,26319.0
ROI_5,Dysplasia,43159.0,26374.0
ROI_5,Dysplasia,43127.0,26469.0
ROI_5,Dysplasia,43127.0,26508.0
ROI_5,Dysplasia,43104.0,26579.0
ROI_5,Dysplasia,43104.0,26611.0
ROI_5,Dysplasia,43088.0,26650.0
ROI_5,Dysplasia,43088.0,26674.0
ROI_5,Dysplasia,43072.0,26698.0
ROI_5,Dysplasia,43056.0,26753.0
ROI_5,Dysplasia,43009.0,26824.0
ROI_5,Dysplasia,43001.0,26879.0
ROI_5,Dysplasia,42985.0,26911.0
ROI_5,Dysplasia,42985.0,26935.0
ROI_5,Dysplasia,42969.0,26958.0
ROI_5,Dysplasia,42969.0,26982.0
ROI_5,Dysplasia,42938.0,27037.0
ROI_5,Dysplasia,42930.0,27069.0
ROI_5,Dysplasia,42914.0,27085.0
ROI_5,Dysplasia,42906.0,27124.0
ROI_5,Dysplasia,42883.0,27164.0
ROI_5,Dysplasia,42859.0,27282.0
ROI_5,Dysplasia,42812.0,27401.0
ROI_5,Dysplasia,42812.0,27424.0
ROI_5,Dysplasia,42788.0,27480.0
ROI_5,Dysplasia,42788.0,27503.0
ROI_5,Dysplasia,42764.0,27527.0
ROI_5,Dysplasia,42748.0,27567.0
ROI_5,Dysplasia,42733.0,27582.0
ROI_5,Dysplasia,42677.0,27685.0
ROI_5,Dysplasia,42638.0,27725.0
ROI_5,Dysplasia,42630.0,27756.0
ROI_5,Dysplasia,42614.0,27772.0
ROI_5,Dysplasia,42598.0,27812.0
ROI_5,Dysplasia,42575.0,27835.0
ROI_5,Dysplasia,42559.0,27883.0
ROI_5,Dysplasia,42519.0,27930.0
ROI_5,Dysplasia,42488.0,27993.0
ROI_5,Dysplasia,42464.0,28064.0
ROI_5,Dysplasia,42448.0,28080.0
ROI_5,Dysplasia,42424.0,28183.0
ROI_5,Dysplasia,42393.0,28238.0
ROI_5,Dysplasia,42369.0,28325.0
ROI_5,Dysplasia,42353.0,28349.0
ROI_5,Dysplasia,42322.0,28443.0
ROI_5,Dysplasia,42314.0,28507.0
ROI_5,Dysplasia,42251.0,28609.0
ROI_5,Dysplasia,42219.0,28704.0
ROI_5,Dysplasia,42203.0,28720.0
ROI_5,Dysplasia,42180.0,28783.0
ROI_5,Dysplasia,42124.0,28862.0
ROI_5,Dysplasia,42124.0,28878.0
ROI_5,Dysplasia,42093.0,28933.0
ROI_5,Dysplasia,42085.0,28965.0
ROI_5,Dysplasia,42069.0,28981.0
ROI_5,Dysplasia,42053.0,29028.0
ROI_5,Dysplasia,42006.0,29075.0
ROI_5,Dysplasia,41974.0,29131.0
ROI_5,Dysplasia,41943.0,29162.0
ROI_5,Dysplasia,41927.0,29202.0
ROI_5,Dysplasia,41879.0,29257.0
ROI_5,Dysplasia,41879.0,29273.0
ROI_5,Dysplasia,41816.0,29352.0
ROI_5,Dysplasia,41793.0,29407.0
ROI_5,Dysplasia,41753.0,29439.0
ROI_5,Dysplasia,41729.0,29486.0
ROI_5,Dysplasia,41674.0,29557.0
ROI_5,Dysplasia,41666.0,29581.0
ROI_5,Dysplasia,41627.0,29620.0
ROI_5,Dysplasia,41619.0,29652.0
ROI_5,Dysplasia,41587.0,29684.0
ROI_5,Dysplasia,41540.0,29770.0
ROI_5,Dysplasia,41524.0,29786.0
ROI_5,Dysplasia,41500.0,29794.0
ROI_5,Dysplasia,41429.0,29873.0
ROI_5,Dysplasia,41421.0,29897.0
ROI_5,Dysplasia,41366.0,29944.0
ROI_5,Dysplasia,41303.0,30039.0
ROI_5,Dysplasia,41240.0,30094.0
ROI_5,Dysplasia,41200.0,30165.0
ROI_5,Dysplasia,41176.0,30189.0
ROI_5,Dysplasia,41169.0,30213.0
ROI_5,Dysplasia,41058.0,30339.0
ROI_5,Dysplasia,41026.0,30410.0
ROI_5,Dysplasia,40995.0,30434.0
ROI_5,Dysplasia,40939.0,30537.0
ROI_5,Dysplasia,40924.0,30552.0
ROI_5,Dysplasia,40908.0,30592.0
ROI_5,Dysplasia,40868.0,30631.0
ROI_5,Dysplasia,40853.0,30671.0
ROI_5,Dysplasia,40805.0,30726.0
ROI_5,Dysplasia,40781.0,30774.0
ROI_5,Dysplasia,40671.0,30876.0
ROI_5,Dysplasia,40655.0,30916.0
ROI_5,Dysplasia,40545.0,31018.0
ROI_5,Dysplasia,40529.0,31050.0
ROI_5,Dysplasia,40481.0,31082.0
ROI_5,Dysplasia,40434.0,31169.0
ROI_5,Dysplasia,40387.0,31224.0
ROI_5,Dysplasia,40347.0,31255.0
ROI_5,Dysplasia,40284.0,31350.0
ROI_5,Dysplasia,40229.0,31398.0
ROI_5,Dysplasia,40229.0,31413.0
ROI_5,Dysplasia,40150.0,31516.0
ROI_5,Dysplasia,40150.0,31532.0
ROI_5,Dysplasia,40094.0,31587.0
ROI_5,Dysplasia,40039.0,31674.0
ROI_5,Dysplasia,39976.0,31737.0
ROI_5,Dysplasia,39960.0,31777.0
ROI_5,Dysplasia,39921.0,31824.0
ROI_5,Dysplasia,39897.0,31872.0
ROI_5,Dysplasia,39873.0,31895.0
ROI_5,Dysplasia,39770.0,32053.0
ROI_5,Dysplasia,39723.0,32085.0
ROI_5,Dysplasia,39707.0,32116.0
ROI_5,Dysplasia,39668.0,32148.0
ROI_5,Dysplasia,39644.0,32187.0
ROI_5,Dysplasia,39581.0,32235.0
ROI_5,Dysplasia,39518.0,32330.0
ROI_5,Dysplasia,39454.0,32385.0
ROI_5,Dysplasia,39447.0,32409.0
ROI_5,Dysplasia,39399.0,32464.0
ROI_5,Dysplasia,39391.0,32488.0
ROI_5,Dysplasia,39344.0,32527.0
ROI_5,Dysplasia,39344.0,32543.0
ROI_5,Dysplasia,39273.0,32638.0
ROI_5,Dysplasia,39257.0,32677.0
ROI_5,Dysplasia,39218.0,32709.0
ROI_5,Dysplasia,39210.0,32733.0
ROI_5,Dysplasia,39170.0,32788.0
ROI_5,Dysplasia,39052.0,32898.0
ROI_5,Dysplasia,39012.0,32969.0
ROI_5,Dysplasia,38965.0,33017.0
ROI_5,Dysplasia,38925.0,33135.0
ROI_5,Dysplasia,38909.0,33151.0
ROI_5,Dysplasia,38902.0,33175.0
ROI_5,Dysplasia,38894.0,33246.0
ROI_5,Dysplasia,38886.0,33254.0
ROI_5,Dysplasia,38878.0,33325.0
ROI_5,Dysplasia,38870.0,33333.0
ROI_5,Dysplasia,38870.0,33396.0
ROI_5,Dysplasia,38862.0,33414.0
ROI_5,Dysplasia,38862.0,33554.0
ROI_5,Dysplasia,38870.0,33562.0
ROI_5,Dysplasia,38878.0,33617.0
ROI_5,Dysplasia,38941.0,33688.0
ROI_5,Dysplasia,38965.0,33728.0
ROI_5,Dysplasia,38996.0,33751.0
ROI_5,Dysplasia,39107.0,33751.0
ROI_5,Dysplasia,39210.0,33704.0
ROI_5,Dysplasia,39249.0,33696.0
ROI_5,Dysplasia,39344.0,33633.0
ROI_5,Dysplasia,39383.0,33593.0
ROI_5,Dysplasia,39439.0,33507.0
ROI_5,Dysplasia,39462.0,33404.0
ROI_5,Dysplasia,39510.0,33317.0
ROI_5,Dysplasia,39518.0,33278.0
ROI_5,Dysplasia,39533.0,33254.0
ROI_5,Dysplasia,39541.0,33206.0
ROI_5,Dysplasia,39557.0,33175.0
ROI_5,Dysplasia,39557.0,33143.0
ROI_5,Dysplasia,39573.0,33112.0
ROI_5,Dysplasia,39573.0,33072.0
ROI_5,Dysplasia,39581.0,33064.0
ROI_5,Dysplasia,39589.0,33001.0
ROI_5,Dysplasia,39628.0,32930.0
ROI_5,Dysplasia,39636.0,32890.0
ROI_5,Dysplasia,39691.0,32812.0
ROI_5,Dysplasia,39707.0,32772.0
ROI_5,Dysplasia,39723.0,32756.0
ROI_5,Dysplasia,39763.0,32740.0
ROI_5,Dysplasia,39865.0,32646.0
ROI_5,Dysplasia,39921.0,32614.0
ROI_5,Dysplasia,39976.0,32559.0
ROI_5,Dysplasia,40000.0,32551.0
ROI_5,Dysplasia,40063.0,32480.0
ROI_5,Dysplasia,40110.0,32401.0
ROI_5,Dysplasia,40142.0,32369.0
ROI_5,Dysplasia,40205.0,32243.0
ROI_5,Dysplasia,40229.0,32164.0
ROI_5,Dysplasia,40308.0,32061.0
ROI_5,Dysplasia,40331.0,32006.0
ROI_5,Dysplasia,40363.0,31958.0
ROI_5,Dysplasia,40394.0,31927.0
ROI_5,Dysplasia,40410.0,31879.0
ROI_5,Dysplasia,40458.0,31816.0
ROI_5,Dysplasia,40481.0,31761.0
ROI_5,Dysplasia,40521.0,31729.0
ROI_5,Dysplasia,40576.0,31650.0
ROI_5,Dysplasia,40584.0,31627.0
ROI_5,Dysplasia,40655.0,31556.0
ROI_5,Dysplasia,40687.0,31500.0
ROI_5,Dysplasia,40718.0,31469.0
ROI_5,Dysplasia,40726.0,31445.0
ROI_5,Dysplasia,40766.0,31413.0
ROI_5,Dysplasia,40774.0,31390.0
ROI_5,Dysplasia,40821.0,31342.0
ROI_5,Dysplasia,40821.0,31334.0
ROI_5,Dysplasia,41026.0,31121.0
ROI_5,Dysplasia,41097.0,31034.0
ROI_5,Dysplasia,41105.0,31011.0
ROI_5,Dysplasia,41153.0,30963.0
ROI_5,Dysplasia,41216.0,30868.0
ROI_5,Dysplasia,41271.0,30813.0
ROI_5,Dysplasia,41279.0,30813.0
ROI_5,Dysplasia,41279.0,30805.0
ROI_5,Dysplasia,41319.0,30766.0
ROI_5,Dysplasia,41350.0,30718.0
ROI_5,Dysplasia,41382.0,30616.0
ROI_5,Dysplasia,41398.0,30600.0
ROI_5,Dysplasia,41437.0,30505.0
ROI_5,Dysplasia,41500.0,30442.0
ROI_5,Dysplasia,41627.0,30394.0
ROI_5,Dysplasia,41721.0,30323.0
ROI_5,Dysplasia,41721.0,30315.0
ROI_5,Dysplasia,41785.0,30252.0
ROI_5,Dysplasia,41808.0,30189.0
ROI_5,Dysplasia,41840.0,30142.0
ROI_5,Dysplasia,41935.0,30055.0
ROI_5,Dysplasia,41990.0,30039.0
ROI_5,Dysplasia,42109.0,29976.0
ROI_5,Dysplasia,42164.0,29921.0
ROI_5,Dysplasia,42180.0,29881.0
ROI_5,Dysplasia,42211.0,29842.0
ROI_5,Dysplasia,42243.0,29778.0
ROI_5,Dysplasia,42266.0,29707.0
ROI_5,Dysplasia,42266.0,29684.0
ROI_5,Dysplasia,42290.0,29652.0
ROI_5,Dysplasia,42298.0,29612.0
ROI_5,Dysplasia,42314.0,29597.0
ROI_5,Dysplasia,42322.0,29573.0
ROI_5,Dysplasia,42503.0,29399.0
ROI_5,Dysplasia,42551.0,29336.0
ROI_5,Dysplasia,42567.0,29296.0
ROI_5,Dysplasia,42590.0,29273.0
ROI_5,Dysplasia,42630.0,29194.0
ROI_5,Dysplasia,42733.0,29075.0
ROI_5,Dysplasia,42740.0,29052.0
ROI_5,Dysplasia,42780.0,29020.0
ROI_5,Dysplasia,42812.0,28925.0
ROI_5,Dysplasia,42819.0,28838.0
ROI_5,Dysplasia,42827.0,28830.0
ROI_5,Dysplasia,42827.0,28759.0
ROI_5,Dysplasia,42859.0,28665.0
ROI_5,Dysplasia,42883.0,28625.0
ROI_5,Dysplasia,42883.0,28609.0
ROI_5,Dysplasia,42898.0,28593.0
ROI_5,Dysplasia,42930.0,28522.0
ROI_5,Dysplasia,42946.0,28443.0
ROI_5,Dysplasia,42977.0,28380.0
ROI_5,Dysplasia,42977.0,28364.0
ROI_5,Dysplasia,43025.0,28293.0
ROI_5,Dysplasia,43064.0,28254.0
ROI_5,Dysplasia,43120.0,28143.0
ROI_5,Dysplasia,43159.0,28104.0
ROI_5,Dysplasia,43159.0,28096.0
ROI_5,Dysplasia,43199.0,28064.0
ROI_5,Dysplasia,43246.0,28001.0
ROI_5,Dysplasia,43254.0,27969.0
ROI_5,Dysplasia,43278.0,27946.0
ROI_5,Dysplasia,43333.0,27827.0
ROI_5,Dysplasia,43364.0,27701.0
ROI_5,Dysplasia,43380.0,27488.0
ROI_5,Dysplasia,43436.0,27369.0
ROI_5,Dysplasia,43436.0,27345.0
ROI_5,Dysplasia,43491.0,27243.0
ROI_5,Dysplasia,43515.0,27172.0
ROI_5,Dysplasia,43515.0,27148.0
ROI_5,Dysplasia,43538.0,27109.0
ROI_5,Dysplasia,43538.0,27093.0
ROI_5,Dysplasia,43570.0,27053.0
ROI_5,Dysplasia,43570.0,27037.0
ROI_5,Dysplasia,43617.0,26958.0
ROI_5,Dysplasia,43657.0,26840.0
ROI_5,Dysplasia,43657.0,26808.0
ROI_5,Dysplasia,43665.0,26800.0
ROI_5,Dysplasia,43665.0,26729.0
ROI_5,Dysplasia,43672.0,26721.0
ROI_5,Dysplasia,43672.0,26658.0
ROI_5,Dysplasia,43680.0,26650.0
ROI_5,Dysplasia,43680.0,26595.0
ROI_5,Dysplasia,43688.0,26587.0
ROI_5,Dysplasia,43696.0,26524.0
ROI_5,Dysplasia,43712.0,26492.0
ROI_5,Dysplasia,43712.0,26461.0
ROI_5,Dysplasia,43744.0,26374.0
ROI_5,Dysplasia,43751.0,26303.0
ROI_5,Dysplasia,43759.0,26295.0
ROI_5,Dysplasia,43759.0,26248.0
ROI_5,Dysplasia,43767.0,26240.0
ROI_5,Dysplasia,43767.0,26208.0
ROI_5,Dysplasia,43775.0,26200.0
ROI_5,Dysplasia,43783.0,26145.0
ROI_5,Dysplasia,43799.0,26105.0
ROI_5,Dysplasia,43799.0,26074.0
ROI_5,Dysplasia,43830.0,25979.0
ROI_5,Dysplasia,43838.0,25924.0
ROI_5,Dysplasia,43878.0,25853.0
ROI_5,Dysplasia,43878.0,25837.0
ROI_5,Dysplasia,43917.0,25789.0
ROI_5,Dysplasia,43949.0,25726.0
ROI_5,Dysplasia,43957.0,25671.0
ROI_5,Dysplasia,43965.0,25663.0
ROI_5,Dysplasia,43981.0,25537.0
ROI_5,Dysplasia,43996.0,25489.0
ROI_5,Dysplasia,43996.0,25450.0
ROI_5,Dysplasia,44004.0,25442.0
ROI_5,Dysplasia,44004.0,25394.0
ROI_5,Dysplasia,44012.0,25387.0
ROI_5,Dysplasia,44020.0,25315.0
ROI_5,Dysplasia,44060.0,25221.0
ROI_5,Dysplasia,44060.0,25181.0
ROI_5,Dysplasia,44075.0,25134.0
ROI_5,Dysplasia,44075.0,25102.0
ROI_5,Dysplasia,44083.0,25094.0
ROI_5,Dysplasia,44091.0,25023.0
ROI_5,Dysplasia,44139.0,24897.0
ROI_5,Dysplasia,44178.0,24849.0
ROI_5,Dysplasia,44194.0,24802.0
ROI_5,Dysplasia,44249.0,24731.0
ROI_5,Dysplasia,44265.0,24684.0
ROI_5,Dysplasia,44289.0,24660.0
ROI_5,Dysplasia,44320.0,24605.0
ROI_5,Dysplasia,44344.0,24494.0
ROI_5,Dysplasia,44360.0,24470.0
ROI_5,Dysplasia,44383.0,24383.0
ROI_5,Dysplasia,44439.0,24281.0
ROI_5,Dysplasia,44447.0,24241.0
ROI_5,Dysplasia,44462.0,24218.0
ROI_5,Dysplasia,44478.0,24115.0
ROI_5,Dysplasia,44494.0,24091.0
ROI_5,Dysplasia,44494.0,24067.0
ROI_5,Dysplasia,44510.0,24020.0
ROI_5,Dysplasia,44557.0,23957.0
ROI_5,Dysplasia,44597.0,23838.0
ROI_5,Dysplasia,44597.0,23807.0
ROI_5,Dysplasia,44628.0,23712.0
ROI_5,Dysplasia,44628.0,23680.0
ROI_5,Dysplasia,44668.0,23578.0
ROI_5,Dysplasia,44668.0,23546.0
ROI_5,Dysplasia,44684.0,23507.0
ROI_5,Dysplasia,44684.0,23475.0
ROI_5,Dysplasia,44691.0,23467.0
ROI_5,Dysplasia,44699.0,23404.0
ROI_5,Dysplasia,44707.0,23396.0
ROI_5,Dysplasia,44707.0,23364.0
ROI_5,Dysplasia,44731.0,23293.0
ROI_5,Dysplasia,44747.0,23270.0
ROI_5,Dysplasia,44747.0,23246.0
ROI_5,Dysplasia,44770.0,23191.0
ROI_5,Dysplasia,44770.0,23167.0
ROI_5,Dysplasia,44802.0,23127.0
ROI_5,Dysplasia,44834.0,23064.0
ROI_5,Dysplasia,44834.0,23048.0
ROI_5,Dysplasia,44881.0,22954.0
ROI_5,Dysplasia,44881.0,22930.0
ROI_5,Dysplasia,44897.0,22883.0
ROI_5,Dysplasia,44936.0,22812.0
ROI_5,Dysplasia,44936.0,22788.0
ROI_5,Dysplasia,44968.0,22701.0
ROI_5,Dysplasia,44976.0,22606.0
ROI_5,Dysplasia,44984.0,22598.0
ROI_5,Dysplasia,44984.0,22567.0
ROI_5,Dysplasia,45007.0,22496.0
ROI_5,Dysplasia,45023.0,22385.0
ROI_5,Dysplasia,45063.0,22306.0
ROI_5,Dysplasia,45063.0,22282.0
ROI_5,Dysplasia,45078.0,22259.0
ROI_5,Dysplasia,45078.0,22243.0
ROI_5,Dysplasia,45126.0,22156.0
ROI_5,Dysplasia,45157.0,22045.0
ROI_5,Dysplasia,45189.0,21990.0
ROI_5,Dysplasia,45189.0,21966.0
ROI_5,Dysplasia,45205.0,21935.0
ROI_5,Dysplasia,45205.0,21903.0
ROI_5,Dysplasia,45213.0,21895.0
ROI_5,Dysplasia,45213.0,21864.0
ROI_5,Dysplasia,45221.0,21856.0
ROI_5,Dysplasia,45221.0,21824.0
ROI_5,Dysplasia,45229.0,21816.0
ROI_5,Dysplasia,45229.0,21785.0
ROI_5,Dysplasia,45252.0,21745.0
ROI_5,Dysplasia,45252.0,21721.0
ROI_5,Dysplasia,45268.0,21698.0
ROI_5,Dysplasia,45276.0,21650.0
ROI_5,Dysplasia,45300.0,21619.0
ROI_5,Dysplasia,45300.0,21603.0
ROI_5,Dysplasia,45347.0,21500.0
ROI_5,Dysplasia,45355.0,21461.0
ROI_5,Dysplasia,45379.0,21429.0
ROI_5,Dysplasia,45387.0,21390.0
ROI_5,Dysplasia,45450.0,21248.0
ROI_5,Dysplasia,45481.0,21153.0
ROI_5,Dysplasia,45481.0,21129.0
ROI_5,Dysplasia,45489.0,21121.0
ROI_5,Dysplasia,45505.0,21018.0
ROI_5,Dysplasia,45521.0,20995.0
ROI_5,Dysplasia,45529.0,20955.0
ROI_5,Dysplasia,45552.0,20932.0
ROI_5,Dysplasia,45584.0,20868.0
ROI_5,Dysplasia,45616.0,20774.0
ROI_5,Dysplasia,45639.0,20742.0
ROI_5,Dysplasia,45647.0,20703.0
ROI_5,Dysplasia,45671.0,20663.0
ROI_5,Dysplasia,45679.0,20631.0
ROI_5,Dysplasia,45695.0,20616.0
ROI_5,Dysplasia,45718.0,20545.0
ROI_5,Dysplasia,45718.0,20521.0
ROI_5,Dysplasia,45774.0,20418.0
ROI_5,Dysplasia,45781.0,20379.0
ROI_5,Dysplasia,45821.0,20331.0
ROI_5,Dysplasia,45837.0,20276.0
ROI_5,Dysplasia,45868.0,20221.0
ROI_5,Dysplasia,45868.0,20197.0
ROI_5,Dysplasia,45884.0,20173.0
ROI_5,Dysplasia,45908.0,20086.0
ROI_5,Dysplasia,45939.0,20031.0
ROI_5,Dysplasia,45963.0,19952.0
ROI_5,Dysplasia,46011.0,19849.0
ROI_5,Dysplasia,46011.0,19826.0
ROI_5,Dysplasia,46026.0,19794.0
ROI_5,Dysplasia,46034.0,19747.0
ROI_5,Dysplasia,46082.0,19684.0
ROI_5,Dysplasia,46105.0,19636.0
ROI_5,Dysplasia,46105.0,19620.0
ROI_5,Dysplasia,46137.0,19573.0
ROI_5,Dysplasia,46153.0,19518.0
ROI_5,Dysplasia,46208.0,19423.0
ROI_5,Dysplasia,46208.0,19399.0
ROI_5,Dysplasia,46224.0,19352.0
ROI_5,Dysplasia,46287.0,19225.0
ROI_5,Dysplasia,46453.0,19044.0
ROI_5,Dysplasia,46469.0,19004.0
ROI_5,Dysplasia,46516.0,18949.0
ROI_5,Dysplasia,46548.0,18902.0
ROI_5,Dysplasia,46563.0,18862.0
ROI_5,Dysplasia,46587.0,18838.0
ROI_5,Dysplasia,46595.0,18807.0
ROI_5,Dysplasia,46619.0,18783.0
ROI_5,Dysplasia,46635.0,18751.0
ROI_5,Dysplasia,46737.0,18641.0
ROI_5,Dysplasia,46816.0,18491.0
ROI_5,Dysplasia,46840.0,18467.0
ROI_5,Dysplasia,46856.0,18436.0
ROI_5,Dysplasia,46943.0,18349.0
ROI_5,Dysplasia,47061.0,18254.0
ROI_5,Dysplasia,47156.0,18206.0
ROI_5,Dysplasia,47195.0,18175.0
ROI_5,Dysplasia,47243.0,18151.0
ROI_5,Dysplasia,47322.0,18064.0
ROI_5,Dysplasia,47393.0,18025.0
ROI_5,Dysplasia,47440.0,17985.0
ROI_5,Dysplasia,47480.0,17969.0
ROI_5,Dysplasia,47551.0,17914.0
ROI_5,Dysplasia,47598.0,17898.0
ROI_5,Dysplasia,47819.0,17701.0
ROI_5,Dysplasia,47586.0,17176.0
ROI_5,Dysplasia,47148.0,17480.0
ROI_2,Benign,31840.0,3696.0
ROI_2,Benign,31832.0,3704.0
ROI_2,Benign,31571.0,3712.0
ROI_2,Benign,31524.0,3728.0
ROI_2,Benign,31484.0,3728.0
ROI_2,Benign,31477.0,3736.0
ROI_2,Benign,31319.0,3736.0
ROI_2,Benign,31311.0,3744.0
ROI_2,Benign,31208.0,3751.0
ROI_2,Benign,31200.0,3759.0
ROI_2,Benign,31018.0,3759.0
ROI_2,Benign,31011.0,3767.0
ROI_2,Benign,30971.0,3767.0
ROI_2,Benign,30932.0,3783.0
ROI_2,Benign,30908.0,3783.0
ROI_2,Benign,30900.0,3791.0
ROI_2,Benign,30774.0,3807.0
ROI_2,Benign,30766.0,3815.0
ROI_2,Benign,30592.0,3830.0
ROI_2,Benign,30450.0,3878.0
ROI_2,Benign,30308.0,3894.0
ROI_2,Benign,30236.0,3917.0
ROI_2,Benign,30205.0,3917.0
ROI_2,Benign,30150.0,3941.0
ROI_2,Benign,30118.0,3941.0
ROI_2,Benign,30078.0,3957.0
ROI_2,Benign,30055.0,3957.0
ROI_2,Benign,30031.0,3973.0
ROI_2,Benign,30000.0,3973.0
ROI_2,Benign,29968.0,3988.0
ROI_2,Benign,29936.0,3988.0
ROI_2,Benign,29897.0,4004.0
ROI_2,Benign,29826.0,4012.0
ROI_2,Benign,29691.0,4067.0
ROI_2,Benign,29620.0,4075.0
ROI_2,Benign,29573.0,4091.0
ROI_2,Benign,29518.0,4131.0
ROI_2,Benign,29431.0,4146.0
ROI_2,Benign,29399.0,4162.0
ROI_2,Benign,29375.0,4162.0
ROI_2,Benign,29328.0,4178.0
ROI_2,Benign,29289.0,4202.0
ROI_2,Benign,29241.0,4210.0
ROI_2,Benign,29162.0,4249.0
ROI_2,Benign,29044.0,4281.0
ROI_2,Benign,29020.0,4296.0
ROI_2,Benign,28988.0,4296.0
ROI_2,Benign,28909.0,4328.0
ROI_2,Benign,28854.0,4336.0
ROI_2,Benign,28767.0,4383.0
ROI_2,Benign,28712.0,4391.0
ROI_2,Benign,28704.0,4399.0
ROI_2,Benign,28672.0,4399.0
ROI_2,Benign,28633.0,4415.0
ROI_2,Benign,28601.0,4415.0
ROI_2,Benign,28593.0,4423.0
ROI_2,Benign,28562.0,4423.0
ROI_2,Benign,28554.0,4431.0
ROI_2,Benign,28530.0,4431.0
ROI_2,Benign,28459.0,4454.0
ROI_2,Benign,28428.0,4454.0
ROI_2,Benign,28420.0,4462.0
ROI_2,Benign,28364.0,4462.0
ROI_2,Benign,28230.0,4510.0
ROI_2,Benign,28127.0,4518.0
ROI_2,Benign,28120.0,4526.0
ROI_2,Benign,28041.0,4526.0
ROI_2,Benign,27930.0,4565.0
ROI_2,Benign,27867.0,4573.0
ROI_2,Benign,27859.0,4581.0
ROI_2,Benign,27772.0,4589.0
ROI_2,Benign,27685.0,4628.0
ROI_2,Benign,27559.0,4644.0
ROI_2,Benign,27551.0,4652.0
ROI_2,Benign,27511.0,4652.0
ROI_2,Benign,27503.0,4660.0
ROI_2,Benign,27480.0,4660.0
ROI_2,Benign,27409.0,4684.0
ROI_2,Benign,27361.0,4707.0
ROI_2,Benign,27338.0,4707.0
ROI_2,Benign,27251.0,4763.0
ROI_2,Benign,27187.0,4770.0
ROI_2,Benign,27116.0,4802.0
ROI_2,Benign,27101.0,4802.0
ROI_2,Benign,27053.0,4834.0
ROI_2,Benign,27022.0,4842.0
ROI_2,Benign,26990.0,4873.0
ROI_2,Benign,26872.0,4928.0
ROI_2,Benign,26832.0,4936.0
ROI_2,Benign,26816.0,4952.0
ROI_2,Benign,26769.0,4968.0
ROI_2,Benign,26745.0,4992.0
ROI_2,Benign,26682.0,5023.0
ROI_2,Benign,26642.0,5031.0
ROI_2,Benign,26619.0,5047.0
ROI_2,Benign,26571.0,5055.0
ROI_2,Benign,26540.0,5078.0
ROI_2,Benign,26453.0,5102.0
ROI_2,Benign,26413.0,5142.0
ROI_2,Benign,26334.0,5165.0
ROI_2,Benign,26200.0,5236.0
ROI_2,Benign,26169.0,5268.0
ROI_2,Benign,26145.0,5276.0
ROI_2,Benign,26105.0,5308.0
ROI_2,Benign,26034.0,5347.0
ROI_2,Benign,25995.0,5387.0
ROI_2,Benign,25947.0,5402.0
ROI_2,Benign,25789.0,5481.0
ROI_2,Benign,25774.0,5481.0
ROI_2,Benign,25710.0,5521.0
ROI_2,Benign,25647.0,5537.0
ROI_2,Benign,25537.0,5592.0
ROI_2,Benign,25458.0,5616.0
ROI_2,Benign,25402.0,5647.0
ROI_2,Benign,25323.0,5663.0
ROI_2,Benign,25181.0,5710.0
ROI_2,Benign,25150.0,5710.0
ROI_2,Benign,25102.0,5726.0
ROI_2,Benign,25063.0,5726.0
ROI_2,Benign,24968.0,5766.0
ROI_2,Benign,24944.0,5766.0
ROI_2,Benign,24936.0,5774.0
ROI_2,Benign,24794.0,5805.0
ROI_2,Benign,24723.0,5845.0
ROI_2,Benign,24652.0,5860.0
ROI_2,Benign,24620.0,5884.0
ROI_2,Benign,24581.0,5900.0
ROI_2,Benign,24431.0,5924.0
ROI_2,Benign,24368.0,5947.0
ROI_2,Benign,24312.0,5955.0
ROI_2,Benign,24281.0,5971.0
ROI_2,Benign,24257.0,5971.0
ROI_2,Benign,24225.0,5987.0
ROI_2,Benign,24186.0,5987.0
ROI_2,Benign,24091.0,6026.0
ROI_2,Benign,24060.0,6026.0
ROI_2,Benign,23949.0,6066.0
ROI_2,Benign,23925.0,6066.0
ROI_2,Benign,23830.0,6097.0
ROI_2,Benign,23799.0,6097.0
ROI_2,Benign,23633.0,6161.0
ROI_2,Benign,23546.0,6176.0
ROI_2,Benign,23451.0,6216.0
ROI_2,Benign,23428.0,6216.0
ROI_2,Benign,23357.0,6240.0
ROI_2,Benign,23270.0,6279.0
ROI_2,Benign,23246.0,6279.0
ROI_2,Benign,23214.0,6295.0
ROI_2,Benign,23143.0,6303.0
ROI_2,Benign,23096.0,6327.0
ROI_2,Benign,23048.0,6334.0
ROI_2,Benign,23025.0,6350.0
ROI_2,Benign,23001.0,6350.0
ROI_2,Benign,22875.0,6413.0
ROI_2,Benign,22851.0,6413.0
ROI_2,Benign,22819.0,6429.0
ROI_2,Benign,22788.0,6429.0
ROI_2,Benign,22764.0,6445.0
ROI_2,Benign,22740.0,6445.0
ROI_2,Benign,22685.0,6469.0
ROI_2,Benign,22661.0,6469.0
ROI_2,Benign,22519.0,6532.0
ROI_2,Benign,22472.0,6540.0
ROI_2,Benign,22440.0,6556.0
ROI_2,Benign,22417.0,6556.0
ROI_2,Benign,22314.0,6595.0
ROI_2,Benign,22290.0,6595.0
ROI_2,Benign,22219.0,6619.0
ROI_2,Benign,22203.0,6635.0
ROI_2,Benign,22172.0,6642.0
ROI_2,Benign,22132.0,6666.0
ROI_2,Benign,21919.0,6737.0
ROI_2,Benign,21824.0,6793.0
ROI_2,Benign,21800.0,6793.0
ROI_2,Benign,21729.0,6816.0
ROI_2,Benign,21706.0,6832.0
ROI_2,Benign,21658.0,6840.0
ROI_2,Benign,21540.0,6879.0
ROI_2,Benign,21484.0,6919.0
ROI_2,Benign,21437.0,6935.0
ROI_2,Benign,21406.0,6935.0
ROI_2,Benign,21334.0,6958.0
ROI_2,Benign,21311.0,6974.0
ROI_2,Benign,21248.0,6982.0
ROI_2,Benign,21090.0,7037.0
ROI_2,Benign,20971.0,7061.0
ROI_2,Benign,20916.0,7085.0
ROI_2,Benign,20892.0,7085.0
ROI_2,Benign,20845.0,7109.0
ROI_2,Benign,20821.0,7109.0
ROI_2,Benign,20766.0,7132.0
ROI_2,Benign,20710.0,7172.0
ROI_2,Benign,20631.0,7195.0
ROI_2,Benign,20592.0,7219.0
ROI_2,Benign,20521.0,7243.0
ROI_2,Benign,20458.0,7298.0
ROI_2,Benign,20410.0,7314.0
ROI_2,Benign,20379.0,7314.0
ROI_2,Benign,20300.0,7353.0
ROI_2,Benign,20260.0,7361.0
ROI_2,Benign,20181.0,7424.0
ROI_2,Benign,20086.0,7472.0
ROI_2,Benign,20023.0,7488.0
ROI_2,Benign,19921.0,7551.0
ROI_2,Benign,19873.0,7559.0
ROI_2,Benign,19802.0,7598.0
ROI_2,Benign,19715.0,7622.0
ROI_2,Benign,19668.0,7661.0
ROI_2,Benign,19612.0,7677.0
ROI_2,Benign,19549.0,7709.0
ROI_2,Benign,19510.0,7717.0
ROI_2,Benign,19344.0,7812.0
ROI_2,Benign,19328.0,7812.0
ROI_2,Benign,19194.0,7875.0
ROI_2,Benign,19154.0,7914.0
ROI_2,Benign,19115.0,7930.0
ROI_2,Benign,19099.0,7946.0
ROI_2,Benign,18973.0,8001.0
ROI_2,Benign,18933.0,8041.0
ROI_2,Benign,18886.0,8056.0
ROI_2,Benign,18791.0,8112.0
ROI_2,Benign,18736.0,8127.0
ROI_2,Benign,18696.0,8175.0
ROI_2,Benign,18507.0,8278.0
ROI_2,Benign,18412.0,8349.0
ROI_2,Benign,18341.0,8380.0
ROI_2,Benign,18285.0,8436.0
ROI_2,Benign,18254.0,8443.0
ROI_2,Benign,18206.0,8483.0
ROI_2,Benign,18127.0,8522.0
ROI_2,Benign,18025.0,8609.0
ROI_2,Benign,17993.0,8617.0
ROI_2,Benign,17977.0,8633.0
ROI_2,Benign,17962.0,8633.0
ROI_2,Benign,17906.0,8688.0
ROI_2,Benign,17867.0,8696.0
ROI_2,Benign,17843.0,8720.0
ROI_2,Benign,17827.0,8720.0
ROI_2,Benign,17772.0,8751.0
ROI_2,Benign,17733.0,8759.0
ROI_2,Benign,17669.0,8815.0
ROI_2,Benign,17630.0,8830.0
ROI_2,Benign,17575.0,8870.0
ROI_2,Benign,17519.0,8886.0
ROI_2,Benign,17464.0,8933.0
ROI_2,Benign,17424.0,8949.0
ROI_2,Benign,17393.0,8981.0
ROI_2,Benign,17314.0,9020.0
ROI_2,Benign,17274.0,9060.0
ROI_2,Benign,17227.0,9075.0
ROI_2,Benign,17148.0,9131.0
ROI_2,Benign,17116.0,9139.0
ROI_2,Benign,17101.0,9170.0
ROI_2,Benign,17061.0,9202.0
ROI_2,Benign,17053.0,9218.0
ROI_2,Benign,17014.0,9249.0
ROI_2,Benign,16982.0,9257.0
ROI_2,Benign,16935.0,9312.0
ROI_2,Benign,16927.0,9312.0
ROI_2,Benign,16848.0,9383.0
ROI_2,Benign,16745.0,9494.0
ROI_2,Benign,16706.0,9518.0
ROI_2,Benign,16706.0,9526.0
ROI_2,Benign,16453.0,9770.0
ROI_2,Benign,16437.0,9802.0
ROI_2,Benign,16342.0,9905.0
ROI_2,Benign,16342.0,9921.0
ROI_2,Benign,16303.0,9984.0
ROI_2,Benign,16208.0,10086.0
ROI_2,Benign,16192.0,10118.0
ROI_2,Benign,16153.0,10157.0
ROI_2,Benign,16145.0,10181.0
ROI_2,Benign,16090.0,10229.0
ROI_2,Benign,16042.0,10300.0
ROI_2,Benign,16003.0,10339.0
ROI_2,Benign,15963.0,10363.0
ROI_2,Benign,15908.0,10434.0
ROI_2,Benign,15868.0,10473.0
ROI_2,Benign,15837.0,10489.0
ROI_2,Benign,15837.0,10497.0
ROI_2,Benign,15750.0,10592.0
ROI_2,Benign,15703.0,10624.0
ROI_2,Benign,15655.0,10695.0
ROI_2,Benign,15568.0,10781.0
ROI_2,Benign,15473.0,10939.0
ROI_2,Benign,15450.0,10963.0
ROI_2,Benign,15434.0,10995.0
ROI_2,Benign,15387.0,11042.0
ROI_2,Benign,15379.0,11066.0
ROI_2,Benign,15363.0,11082.0
ROI_2,Benign,15331.0,11090.0
ROI_2,Benign,15284.0,11121.0
ROI_2,Benign,15110.0,11295.0
ROI_2,Benign,15086.0,11303.0
ROI_2,Benign,15055.0,11334.0
ROI_2,Benign,15007.0,11358.0
ROI_2,Benign,14976.0,11390.0
ROI_2,Benign,14952.0,11398.0
ROI_2,Benign,14889.0,11469.0
ROI_2,Benign,14818.0,11508.0
ROI_2,Benign,14778.0,11548.0
ROI_2,Benign,14770.0,11548.0
ROI_2,Benign,14739.0,11587.0
ROI_2,Benign,14691.0,11603.0
ROI_2,Benign,14620.0,11666.0
ROI_2,Benign,14589.0,11682.0
ROI_2,Benign,14533.0,11737.0
ROI_2,Benign,14470.0,11785.0
ROI_2,Benign,14447.0,11793.0
ROI_2,Benign,14423.0,11832.0
ROI_2,Benign,14383.0,11864.0
ROI_2,Benign,14368.0,11903.0
ROI_2,Benign,14336.0,11935.0
ROI_2,Benign,14296.0,11998.0
ROI_2,Benign,14257.0,12037.0
ROI_2,Benign,14241.0,12069.0
ROI_2,Benign,14178.0,12124.0
ROI_2,Benign,14146.0,12180.0
ROI_2,Benign,14146.0,12195.0
ROI_2,Benign,14091.0,12251.0
ROI_2,Benign,14060.0,12266.0
ROI_2,Benign,13973.0,12361.0
ROI_2,Benign,13965.0,12361.0
ROI_2,Benign,13878.0,12448.0
ROI_2,Benign,13878.0,12456.0
ROI_2,Benign,13775.0,12559.0
ROI_2,Benign,13751.0,12598.0
ROI_2,Benign,13672.0,12669.0
ROI_2,Benign,13649.0,12717.0
ROI_2,Benign,13601.0,12764.0
ROI_2,Benign,13554.0,12796.0
ROI_2,Benign,13530.0,12835.0
ROI_2,Benign,13467.0,12898.0
ROI_2,Benign,13436.0,12914.0
ROI_2,Benign,13357.0,12993.0
ROI_2,Benign,13309.0,13017.0
ROI_2,Benign,13222.0,13112.0
ROI_2,Benign,13175.0,13135.0
ROI_2,Benign,13175.0,13143.0
ROI_2,Benign,13088.0,13238.0
ROI_2,Benign,13064.0,13246.0
ROI_2,Benign,13001.0,13301.0
ROI_2,Benign,12969.0,13349.0
ROI_2,Benign,12930.0,13364.0
ROI_2,Benign,12898.0,13388.0
ROI_2,Benign,12709.0,13593.0
ROI_2,Benign,12638.0,13633.0
ROI_2,Benign,12432.0,13854.0
ROI_2,Benign,12314.0,13941.0
ROI_2,Benign,12274.0,13996.0
ROI_2,Benign,12085.0,14186.0
ROI_2,Benign,12061.0,14194.0
ROI_2,Benign,12030.0,14233.0
ROI_2,Benign,11982.0,14257.0
ROI_2,Benign,11958.0,14281.0
ROI_2,Benign,11943.0,14281.0
ROI_2,Benign,11879.0,14320.0
ROI_2,Benign,11879.0,14328.0
ROI_2,Benign,11816.0,14391.0
ROI_2,Benign,11761.0,14431.0
ROI_2,Benign,11737.0,14454.0
ROI_2,Benign,11729.0,14478.0
ROI_2,Benign,11682.0,14526.0
ROI_2,Benign,11674.0,14526.0
ROI_2,Benign,11619.0,14589.0
ROI_2,Benign,11587.0,14644.0
ROI_2,Benign,11532.0,14699.0
ROI_2,Benign,11524.0,14723.0
ROI_2,Benign,11484.0,14763.0
ROI_2,Benign,11477.0,14786.0
ROI_2,Benign,11445.0,14818.0
ROI_2,Benign,11421.0,14826.0
ROI_2,Benign,11390.0,14865.0
ROI_2,Benign,11350.0,14881.0
ROI_2,Benign,11319.0,14913.0
ROI_2,Benign,11263.0,14944.0
ROI_2,Benign,11090.0,15126.0
ROI_2,Benign,11042.0,15150.0
ROI_2,Benign,10971.0,15221.0
ROI_2,Benign,10963.0,15244.0
ROI_2,Benign,10947.0,15260.0
ROI_2,Benign,10916.0,15268.0
ROI_2,Benign,10813.0,15363.0
ROI_2,Benign,10774.0,15379.0
ROI_2,Benign,10695.0,15442.0
ROI_2,Benign,10647.0,15458.0
ROI_2,Benign,10608.0,15505.0
ROI_2,Benign,10537.0,15552.0
ROI_2,Benign,10505.0,15584.0
ROI_2,Benign,10497.0,15608.0
ROI_2,Benign,10450.0,15655.0
ROI_2,Benign,10450.0,15663.0
ROI_2,Benign,10394.0,15710.0
ROI_2,Benign,10387.0,15734.0
ROI_2,Benign,10355.0,15766.0
ROI_2,Benign,10347.0,15766.0
ROI_2,Benign,10308.0,15805.0
ROI_2,Benign,10284.0,15813.0
ROI_2,Benign,10205.0,15892.0
ROI_2,Benign,10165.0,15908.0
ROI_2,Benign,10110.0,15955.0
ROI_2,Benign,10086.0,15963.0
ROI_2,Benign,10047.0,16011.0
ROI_2,Benign,10023.0,16018.0
ROI_2,Benign,9976.0,16066.0
ROI_2,Benign,9968.0,16066.0
ROI_2,Benign,9921.0,16121.0
ROI_2,Benign,9913.0,16121.0
ROI_2,Benign,9794.0,16240.0
ROI_2,Benign,9794.0,16248.0
ROI_2,Benign,9747.0,16287.0
ROI_2,Benign,9747.0,16295.0
ROI_2,Benign,9676.0,16374.0
ROI_2,Benign,9636.0,16390.0
ROI_2,Benign,9605.0,16413.0
ROI_2,Benign,9407.0,16619.0
ROI_2,Benign,9391.0,16627.0
ROI_2,Benign,9391.0,16635.0
ROI_2,Benign,9352.0,16674.0
ROI_2,Benign,9320.0,16761.0
ROI_2,Benign,9304.0,16777.0
ROI_2,Benign,9265.0,16793.0
ROI_2,Benign,9170.0,16911.0
ROI_2,Benign,9146.0,16919.0
ROI_2,Benign,9067.0,16990.0
ROI_2,Benign,9052.0,17022.0
ROI_2,Benign,9004.0,17061.0
ROI_2,Benign,8981.0,17132.0
ROI_2,Benign,8957.0,17156.0
ROI_2,Benign,8830.0,17235.0
ROI_2,Benign,8791.0,17282.0
ROI_2,Benign,8759.0,17290.0
ROI_2,Benign,8601.0,17424.0
ROI_2,Benign,8570.0,17464.0
ROI_2,Benign,8546.0,17519.0
ROI_2,Benign,8507.0,17543.0
ROI_2,Benign,8483.0,17606.0
ROI_2,Benign,8483.0,17646.0
ROI_2,Benign,8443.0,17677.0
ROI_2,Benign,8404.0,17725.0
ROI_2,Benign,8380.0,17733.0
ROI_2,Benign,8341.0,17788.0
ROI_2,Benign,8317.0,17796.0
ROI_2,Benign,8246.0,17859.0
ROI_2,Benign,8230.0,17906.0
ROI_2,Benign,8206.0,17930.0
ROI_2,Benign,8159.0,18025.0
ROI_2,Benign,8120.0,18056.0
ROI_2,Benign,8088.0,18135.0
ROI_2,Benign,8088.0,18159.0
ROI_2,Benign,8009.0,18278.0
ROI_2,Benign,7938.0,18341.0
ROI_2,Benign,7875.0,18364.0
ROI_2,Benign,7819.0,18428.0
ROI_2,Benign,7756.0,18467.0
ROI_2,Benign,7725.0,18499.0
ROI_2,Benign,7709.0,18530.0
ROI_2,Benign,7654.0,18586.0
ROI_2,Benign,7622.0,18601.0
ROI_2,Benign,7551.0,18672.0
ROI_2,Benign,7519.0,18688.0
ROI_2,Benign,7472.0,18736.0
ROI_2,Benign,7464.0,18767.0
ROI_2,Benign,7417.0,18815.0
ROI_2,Benign,7345.0,18862.0
ROI_2,Benign,7345.0,18870.0
ROI_2,Benign,7282.0,18933.0
ROI_2,Benign,7251.0,18949.0
ROI_2,Benign,7164.0,19060.0
ROI_2,Benign,7109.0,19075.0
ROI_2,Benign,7061.0,19107.0
ROI_2,Benign,7006.0,19162.0
ROI_2,Benign,6974.0,19178.0
ROI_2,Benign,6951.0,19202.0
ROI_2,Benign,6919.0,19249.0
ROI_2,Benign,6911.0,19281.0
ROI_2,Benign,6872.0,19304.0
ROI_2,Benign,6816.0,19368.0
ROI_2,Benign,6785.0,19447.0
ROI_2,Benign,6729.0,19510.0
ROI_2,Benign,6721.0,19533.0
ROI_2,Benign,6658.0,19597.0
ROI_2,Benign,6611.0,19620.0
ROI_2,Benign,6587.0,19660.0
ROI_2,Benign,6524.0,19723.0
ROI_2,Benign,6461.0,19755.0
ROI_2,Benign,6398.0,19826.0
ROI_2,Benign,6350.0,19857.0
ROI_2,Benign,6311.0,19960.0
ROI_2,Benign,6295.0,20063.0
ROI_2,Benign,6248.0,20118.0
ROI_2,Benign,6208.0,20134.0
ROI_2,Benign,6137.0,20181.0
ROI_2,Benign,6058.0,20197.0
ROI_2,Benign,6026.0,20221.0
ROI_2,Benign,5908.0,20260.0
ROI_2,Benign,5821.0,20363.0
ROI_2,Benign,5789.0,20379.0
ROI_2,Benign,5758.0,20418.0
ROI_2,Benign,5750.0,20418.0
ROI_2,Benign,5687.0,20481.0
ROI_2,Benign,5624.0,20513.0
ROI_2,Benign,5513.0,20624.0
ROI_2,Benign,5458.0,20639.0
ROI_2,Benign,5315.0,20718.0
ROI_2,Benign,5300.0,20718.0
ROI_2,Benign,5260.0,20742.0
ROI_2,Benign,5213.0,20758.0
ROI_2,Benign,5157.0,20766.0
ROI_2,Benign,5142.0,20781.0
ROI_2,Benign,5086.0,20789.0
ROI_2,Benign,5078.0,20797.0
ROI_2,Benign,5039.0,20797.0
ROI_2,Benign,5007.0,20813.0
ROI_2,Benign,4968.0,20813.0
ROI_2,Benign,4960.0,20821.0
ROI_2,Benign,4928.0,20821.0
ROI_2,Benign,4881.0,20837.0
ROI_2,Benign,4842.0,20837.0
ROI_2,Benign,4834.0,20845.0
ROI_2,Benign,4770.0,20845.0
ROI_2,Benign,4763.0,20853.0
ROI_2,Benign,4636.0,20860.0
ROI_2,Benign,4628.0,20868.0
ROI_2,Benign,4565.0,20868.0
ROI_2,Benign,4557.0,20876.0
ROI_2,Benign,4407.0,20876.0
ROI_2,Benign,4399.0,20884.0
ROI_2,Benign,4328.0,20884.0
ROI_2,Benign,4320.0,20892.0
ROI_2,Benign,4257.0,20900.0
ROI_2,Benign,4170.0,20939.0
ROI_2,Benign,4012.0,20947.0
ROI_2,Benign,4004.0,20955.0
ROI_2,Benign,3965.0,20955.0
ROI_2,Benign,3957.0,20963.0
ROI_2,Benign,3886.0,20971.0
ROI_2,Benign,3878.0,20979.0
ROI_2,Benign,3688.0,20987.0
ROI_2,Benign,3680.0,20995.0
ROI_2,Benign,3641.0,20995.0
ROI_2,Benign,3633.0,21003.0
ROI_2,Benign,3586.0,21011.0
ROI_2,Benign,3530.0,21066.0
ROI_2,Benign,3436.0,21113.0
ROI_2,Benign,3388.0,21153.0
ROI_2,Benign,3357.0,21263.0
ROI_2,Benign,3357.0,21311.0
ROI_2,Benign,3380.0,21382.0
ROI_2,Benign,3443.0,21429.0
ROI_2,Benign,3499.0,21437.0
ROI_2,Benign,3507.0,21445.0
ROI_2,Benign,3546.0,21445.0
ROI_2,Benign,3554.0,21453.0
ROI_2,Benign,3593.0,21453.0
ROI_2,Benign,3601.0,21461.0
ROI_2,Benign,3680.0,21461.0
ROI_2,Benign,3688.0,21453.0
ROI_2,Benign,3830.0,21453.0
ROI_2,Benign,3838.0,21461.0
ROI_2,Benign,4202.0,21461.0
ROI_2,Benign,4210.0,21469.0
ROI_2,Benign,4289.0,21469.0
ROI_2,Benign,4296.0,21477.0
ROI_2,Benign,4375.0,21477.0
ROI_2,Benign,4383.0,21484.0
ROI_2,Benign,4770.0,21477.0
ROI_2,Benign,4778.0,21469.0
ROI_2,Benign,4834.0,21469.0
ROI_2,Benign,4842.0,21461.0
ROI_2,Benign,4897.0,21461.0
ROI_2,Benign,4905.0,21453.0
ROI_2,Benign,4976.0,21453.0
ROI_2,Benign,4984.0,21445.0
ROI_2,Benign,5126.0,21437.0
ROI_2,Benign,5134.0,21429.0
ROI_2,Benign,5213.0,21429.0
ROI_2,Benign,5221.0,21421.0
ROI_2,Benign,5268.0,21421.0
ROI_2,Benign,5276.0,21413.0
ROI_2,Benign,5379.0,21406.0
ROI_2,Benign,5387.0,21398.0
ROI_2,Benign,5458.0,21390.0
ROI_2,Benign,5497.0,21374.0
ROI_2,Benign,5521.0,21374.0
ROI_2,Benign,5624.0,21319.0
ROI_2,Benign,5639.0,21319.0
ROI_2,Benign,5710.0,21263.0
ROI_2,Benign,5774.0,21240.0
ROI_2,Benign,5805.0,21208.0
ROI_2,Benign,5829.0,21200.0
ROI_2,Benign,5845.0,21184.0
ROI_2,Benign,5892.0,21169.0
ROI_2,Benign,5947.0,21129.0
ROI_2,Benign,6018.0,21105.0
ROI_2,Benign,6050.0,21074.0
ROI_2,Benign,6090.0,21058.0
ROI_2,Benign,6153.0,21011.0
ROI_2,Benign,6216.0,20987.0
ROI_2,Benign,6263.0,20979.0
ROI_2,Benign,6350.0,20939.0
ROI_2,Benign,6421.0,20924.0
ROI_2,Benign,6477.0,20884.0
ROI_2,Benign,6532.0,20868.0
ROI_2,Benign,6674.0,20797.0
ROI_2,Benign,6721.0,20758.0
ROI_2,Benign,6761.0,20750.0
ROI_2,Benign,6840.0,20703.0
ROI_2,Benign,6935.0,20663.0
ROI_2,Benign,6974.0,20624.0
ROI_2,Benign,7014.0,20608.0
ROI_2,Benign,7053.0,20560.0
ROI_2,Benign,7085.0,20537.0
ROI_2,Benign,7093.0,20513.0
ROI_2,Benign,7116.0,20489.0
ROI_2,Benign,7156.0,20473.0
ROI_2,Benign,7195.0,20434.0
ROI_2,Benign,7219.0,20426.0
ROI_2,Benign,7290.0,20371.0
ROI_2,Benign,7345.0,20315.0
ROI_2,Benign,7369.0,20276.0
ROI_2,Benign,7448.0,20205.0
ROI_2,Benign,7488.0,20150.0
ROI_2,Benign,7543.0,20102.0
ROI_2,Benign,7559.0,20071.0
ROI_2,Benign,7590.0,20039.0
ROI_2,Benign,7598.0,20015.0
ROI_2,Benign,7630.0,19984.0
ROI_2,Benign,7654.0,19976.0
ROI_2,Benign,7693.0,19936.0
ROI_2,Benign,7701.0,19936.0
ROI_2,Benign,7827.0,19802.0
ROI_2,Benign,7835.0,19802.0
ROI_2,Benign,7851.0,19770.0
ROI_2,Benign,7883.0,19739.0
ROI_2,Benign,7914.0,19723.0
ROI_2,Benign,7969.0,19676.0
ROI_2,Benign,8001.0,19636.0
ROI_2,Benign,8072.0,19589.0
ROI_2,Benign,8143.0,19510.0
ROI_2,Benign,8214.0,19462.0
ROI_2,Benign,8254.0,19423.0
ROI_2,Benign,8278.0,19415.0
ROI_2,Benign,8380.0,19304.0
ROI_2,Benign,8412.0,19289.0
ROI_2,Benign,8459.0,19233.0
ROI_2,Benign,8522.0,19186.0
ROI_2,Benign,8578.0,19131.0
ROI_2,Benign,8625.0,19060.0
ROI_2,Benign,8672.0,19020.0
ROI_2,Benign,8688.0,18988.0
ROI_2,Benign,8720.0,18965.0
ROI_2,Benign,8759.0,18917.0
ROI_2,Benign,8791.0,18902.0
ROI_2,Benign,8815.0,18854.0
ROI_2,Benign,8854.0,18815.0
ROI_2,Benign,8878.0,18767.0
ROI_2,Benign,8878.0,18751.0
ROI_2,Benign,8933.0,18704.0
ROI_2,Benign,8933.0,18696.0
ROI_2,Benign,8988.0,18641.0
ROI_2,Benign,9004.0,18601.0
ROI_2,Benign,9052.0,18562.0
ROI_2,Benign,9123.0,18443.0
ROI_2,Benign,9162.0,18412.0
ROI_2,Benign,9241.0,18325.0
ROI_2,Benign,9241.0,18317.0
ROI_2,Benign,9304.0,18262.0
ROI_2,Benign,9312.0,18238.0
ROI_2,Benign,9431.0,18112.0
ROI_2,Benign,9494.0,18033.0
ROI_2,Benign,9510.0,17993.0
ROI_2,Benign,9549.0,17962.0
ROI_2,Benign,9565.0,17930.0
ROI_2,Benign,9612.0,17883.0
ROI_2,Benign,9636.0,17827.0
ROI_2,Benign,9763.0,17685.0
ROI_2,Benign,9818.0,17646.0
ROI_2,Benign,9834.0,17614.0
ROI_2,Benign,9873.0,17575.0
ROI_2,Benign,9881.0,17551.0
ROI_2,Benign,10000.0,17440.0
ROI_2,Benign,10023.0,17409.0
ROI_2,Benign,10063.0,17385.0
ROI_2,Benign,10078.0,17353.0
ROI_2,Benign,10221.0,17203.0
ROI_2,Benign,10229.0,17203.0
ROI_2,Benign,10315.0,17124.0
ROI_2,Benign,10331.0,17093.0
ROI_2,Benign,10387.0,17030.0
ROI_2,Benign,10513.0,16911.0
ROI_2,Benign,10545.0,16895.0
ROI_2,Benign,10663.0,16769.0
ROI_2,Benign,10695.0,16753.0
ROI_2,Benign,10726.0,16714.0
ROI_2,Benign,10781.0,16666.0
ROI_2,Benign,10813.0,16650.0
ROI_2,Benign,10860.0,16595.0
ROI_2,Benign,10868.0,16595.0
ROI_2,Benign,10939.0,16524.0
ROI_2,Benign,10947.0,16524.0
ROI_2,Benign,11003.0,16461.0
ROI_2,Benign,11074.0,16413.0
ROI_2,Benign,11145.0,16334.0
ROI_2,Benign,11287.0,16200.0
ROI_2,Benign,11311.0,16192.0
ROI_2,Benign,11358.0,16145.0
ROI_2,Benign,11382.0,16137.0
ROI_2,Benign,11421.0,16090.0
ROI_2,Benign,11469.0,16066.0
ROI_2,Benign,11619.0,15924.0
ROI_2,Benign,11682.0,15876.0
ROI_2,Benign,11800.0,15758.0
ROI_2,Benign,11808.0,15758.0
ROI_2,Benign,11832.0,15734.0
ROI_2,Benign,11848.0,15703.0
ROI_2,Benign,11879.0,15679.0
ROI_2,Benign,11919.0,15631.0
ROI_2,Benign,11958.0,15608.0
ROI_2,Benign,11982.0,15568.0
ROI_2,Benign,12006.0,15552.0
ROI_2,Benign,12085.0,15466.0
ROI_2,Benign,12085.0,15458.0
ROI_2,Benign,12180.0,15371.0
ROI_2,Benign,12361.0,15181.0
ROI_2,Benign,12440.0,15118.0
ROI_2,Benign,12582.0,14976.0
ROI_2,Benign,12582.0,14968.0
ROI_2,Benign,12638.0,14913.0
ROI_2,Benign,12654.0,14881.0
ROI_2,Benign,12930.0,14605.0
ROI_2,Benign,12954.0,14589.0
ROI_2,Benign,12954.0,14581.0
ROI_2,Benign,13191.0,14344.0
ROI_2,Benign,13214.0,14312.0
ROI_2,Benign,13222.0,14312.0
ROI_2,Benign,13333.0,14210.0
ROI_2,Benign,13333.0,14202.0
ROI_2,Benign,13372.0,14162.0
ROI_2,Benign,13380.0,14162.0
ROI_2,Benign,13436.0,14107.0
ROI_2,Benign,13459.0,14099.0
ROI_2,Benign,13554.0,14012.0
ROI_2,Benign,13593.0,13988.0
ROI_2,Benign,13617.0,13949.0
ROI_2,Benign,13649.0,13917.0
ROI_2,Benign,13759.0,13854.0
ROI_2,Benign,13807.0,13807.0
ROI_2,Benign,13838.0,13799.0
ROI_2,Benign,13862.0,13783.0
ROI_2,Benign,14020.0,13657.0
ROI_2,Benign,14044.0,13649.0
ROI_2,Benign,14067.0,13625.0
ROI_2,Benign,14123.0,13593.0
ROI_2,Benign,14170.0,13522.0
ROI_2,Benign,14241.0,13459.0
ROI_2,Benign,14296.0,13388.0
ROI_2,Benign,14352.0,13341.0
ROI_2,Benign,14360.0,13317.0
ROI_2,Benign,14415.0,13254.0
ROI_2,Benign,14439.0,13206.0
ROI_2,Benign,14557.0,13088.0
ROI_2,Benign,14565.0,13064.0
ROI_2,Benign,14620.0,13017.0
ROI_2,Benign,14620.0,13009.0
ROI_2,Benign,14668.0,12962.0
ROI_2,Benign,14684.0,12922.0
ROI_2,Benign,14786.0,12827.0
ROI_2,Benign,14802.0,12796.0
ROI_2,Benign,14873.0,12725.0
ROI_2,Benign,14881.0,12701.0
ROI_2,Benign,14960.0,12614.0
ROI_2,Benign,14984.0,12606.0
ROI_2,Benign,15086.0,12511.0
ROI_2,Benign,15173.0,12464.0
ROI_2,Benign,15213.0,12417.0
ROI_2,Benign,15308.0,12385.0
ROI_2,Benign,15387.0,12345.0
ROI_2,Benign,15426.0,12338.0
ROI_2,Benign,15521.0,12282.0
ROI_2,Benign,15624.0,12251.0
ROI_2,Benign,15639.0,12235.0
ROI_2,Benign,15703.0,12219.0
ROI_2,Benign,15766.0,12187.0
ROI_2,Benign,15781.0,12172.0
ROI_2,Benign,15813.0,12164.0
ROI_2,Benign,15884.0,12116.0
ROI_2,Benign,15939.0,12093.0
ROI_2,Benign,16018.0,12022.0
ROI_2,Benign,16018.0,12014.0
ROI_2,Benign,16074.0,11958.0
ROI_2,Benign,16082.0,11935.0
ROI_2,Benign,16121.0,11895.0
ROI_2,Benign,16129.0,11872.0
ROI_2,Benign,16169.0,11824.0
ROI_2,Benign,16200.0,11761.0
ROI_2,Benign,16200.0,11745.0
ROI_2,Benign,16263.0,11635.0
ROI_2,Benign,16263.0,11619.0
ROI_2,Benign,16295.0,11571.0
ROI_2,Benign,16319.0,11500.0
ROI_2,Benign,16382.0,11390.0
ROI_2,Benign,16398.0,11342.0
ROI_2,Benign,16437.0,11287.0
ROI_2,Benign,16469.0,11216.0
ROI_2,Benign,16500.0,11184.0
ROI_2,Benign,16532.0,11121.0
ROI_2,Benign,16635.0,11003.0
ROI_2,Benign,16642.0,10979.0
ROI_2,Benign,16674.0,10947.0
ROI_2,Benign,16721.0,10868.0
ROI_2,Benign,16793.0,10805.0
ROI_2,Benign,16832.0,10750.0
ROI_2,Benign,16895.0,10687.0
ROI_2,Benign,16895.0,10671.0
ROI_2,Benign,16919.0,10639.0
ROI_2,Benign,16935.0,10631.0
ROI_2,Benign,16958.0,10592.0
ROI_2,Benign,17006.0,10560.0
ROI_2,Benign,17022.0,10529.0
ROI_2,Benign,17093.0,10450.0
ROI_2,Benign,17101.0,10426.0
ROI_2,Benign,17140.0,10387.0
ROI_2,Benign,17156.0,10355.0
ROI_2,Benign,17195.0,10315.0
ROI_2,Benign,17203.0,10315.0
ROI_2,Benign,17227.0,10268.0
ROI_2,Benign,17266.0,10236.0
ROI_2,Benign,17274.0,10213.0
ROI_2,Benign,17361.0,10126.0
ROI_2,Benign,17393.0,10110.0
ROI_2,Benign,17456.0,10031.0
ROI_2,Benign,17598.0,9881.0
ROI_2,Benign,17630.0,9865.0
ROI_2,Benign,17740.0,9747.0
ROI_2,Benign,17764.0,9739.0
ROI_2,Benign,17875.0,9628.0
ROI_2,Benign,17898.0,9620.0
ROI_2,Benign,17946.0,9573.0
ROI_2,Benign,18025.0,9526.0
ROI_2,Benign,18127.0,9439.0
ROI_2,Benign,18151.0,9431.0
ROI_2,Benign,18183.0,9383.0
ROI_2,Benign,18230.0,9360.0
ROI_2,Benign,18262.0,9328.0
ROI_2,Benign,18325.0,9289.0
ROI_2,Benign,18364.0,9249.0
ROI_2,Benign,18404.0,9233.0
ROI_2,Benign,18443.0,9202.0
ROI_2,Benign,18515.0,9170.0
ROI_2,Benign,18562.0,9131.0
ROI_2,Benign,18641.0,9099.0
ROI_2,Benign,18783.0,9004.0
ROI_2,Benign,18838.0,8981.0
ROI_2,Benign,18862.0,8957.0
ROI_2,Benign,18925.0,8925.0
ROI_2,Benign,18988.0,8870.0
ROI_2,Benign,19028.0,8862.0
ROI_2,Benign,19107.0,8815.0
ROI_2,Benign,19162.0,8799.0
ROI_2,Benign,19218.0,8751.0
ROI_2,Benign,19352.0,8688.0
ROI_2,Benign,19368.0,8672.0
ROI_2,Benign,19399.0,8665.0
ROI_2,Benign,19439.0,8625.0
ROI_2,Benign,19589.0,8554.0
ROI_2,Benign,19660.0,8538.0
ROI_2,Benign,19699.0,8507.0
ROI_2,Benign,19763.0,8475.0
ROI_2,Benign,19786.0,8475.0
ROI_2,Benign,19810.0,8459.0
ROI_2,Benign,19928.0,8428.0
ROI_2,Benign,19952.0,8412.0
ROI_2,Benign,19984.0,8404.0
ROI_2,Benign,20015.0,8380.0
ROI_2,Benign,20063.0,8364.0
ROI_2,Benign,20086.0,8364.0
ROI_2,Benign,20142.0,8341.0
ROI_2,Benign,20165.0,8341.0
ROI_2,Benign,20244.0,8301.0
ROI_2,Benign,20315.0,8285.0
ROI_2,Benign,20394.0,8238.0
ROI_2,Benign,20418.0,8238.0
ROI_2,Benign,20442.0,8222.0
ROI_2,Benign,20481.0,8214.0
ROI_2,Benign,20545.0,8175.0
ROI_2,Benign,20584.0,8167.0
ROI_2,Benign,20616.0,8151.0
ROI_2,Benign,20639.0,8127.0
ROI_2,Benign,20710.0,8104.0
ROI_2,Benign,20734.0,8104.0
ROI_2,Benign,20774.0,8080.0
ROI_2,Benign,20860.0,8056.0
ROI_2,Benign,20900.0,8033.0
ROI_2,Benign,20924.0,8033.0
ROI_2,Benign,20955.0,8009.0
ROI_2,Benign,20971.0,8009.0
ROI_2,Benign,21011.0,7985.0
ROI_2,Benign,21113.0,7969.0
ROI_2,Benign,21342.0,7898.0
ROI_2,Benign,21366.0,7898.0
ROI_2,Benign,21406.0,7875.0
ROI_2,Benign,21421.0,7875.0
ROI_2,Benign,21563.0,7819.0
ROI_2,Benign,21674.0,7796.0
ROI_2,Benign,21785.0,7733.0
ROI_2,Benign,21808.0,7733.0
ROI_2,Benign,21927.0,7685.0
ROI_2,Benign,22006.0,7669.0
ROI_2,Benign,22030.0,7654.0
ROI_2,Benign,22061.0,7654.0
ROI_2,Benign,22172.0,7614.0
ROI_2,Benign,22235.0,7606.0
ROI_2,Benign,22345.0,7567.0
ROI_2,Benign,22432.0,7551.0
ROI_2,Benign,22488.0,7527.0
ROI_2,Benign,22511.0,7527.0
ROI_2,Benign,22543.0,7503.0
ROI_2,Benign,22567.0,7503.0
ROI_2,Benign,22598.0,7488.0
ROI_2,Benign,22709.0,7464.0
ROI_2,Benign,22733.0,7448.0
ROI_2,Benign,22756.0,7448.0
ROI_2,Benign,22788.0,7432.0
ROI_2,Benign,22938.0,7409.0
ROI_2,Benign,23041.0,7361.0
ROI_2,Benign,23159.0,7338.0
ROI_2,Benign,23230.0,7306.0
ROI_2,Benign,23254.0,7306.0
ROI_2,Benign,23309.0,7282.0
ROI_2,Benign,23333.0,7282.0
ROI_2,Benign,23357.0,7266.0
ROI_2,Benign,23396.0,7259.0
ROI_2,Benign,23443.0,7235.0
ROI_2,Benign,23522.0,7219.0
ROI_2,Benign,23546.0,7203.0
ROI_2,Benign,23641.0,7172.0
ROI_2,Benign,23696.0,7164.0
ROI_2,Benign,23799.0,7101.0
ROI_2,Benign,23957.0,7053.0
ROI_2,Benign,24012.0,7022.0
ROI_2,Benign,24028.0,7022.0
ROI_2,Benign,24060.0,6990.0
ROI_2,Benign,24075.0,6990.0
ROI_2,Benign,24115.0,6966.0
ROI_2,Benign,24131.0,6966.0
ROI_2,Benign,24154.0,6951.0
ROI_2,Benign,24273.0,6911.0
ROI_2,Benign,24328.0,6903.0
ROI_2,Benign,24399.0,6879.0
ROI_2,Benign,24486.0,6872.0
ROI_2,Benign,24494.0,6864.0
ROI_2,Benign,24644.0,6840.0
ROI_2,Benign,24755.0,6800.0
ROI_2,Benign,24786.0,6800.0
ROI_2,Benign,24826.0,6785.0
ROI_2,Benign,24928.0,6777.0
ROI_2,Benign,24936.0,6769.0
ROI_2,Benign,25007.0,6769.0
ROI_2,Benign,25015.0,6761.0
ROI_2,Benign,25173.0,6753.0
ROI_2,Benign,25181.0,6745.0
ROI_2,Benign,25252.0,6737.0
ROI_2,Benign,25284.0,6721.0
ROI_2,Benign,25371.0,6714.0
ROI_2,Benign,25379.0,6706.0
ROI_2,Benign,25410.0,6706.0
ROI_2,Benign,25450.0,6690.0
ROI_2,Benign,25513.0,6682.0
ROI_2,Benign,25521.0,6674.0
ROI_2,Benign,25600.0,6666.0
ROI_2,Benign,25639.0,6650.0
ROI_2,Benign,25671.0,6650.0
ROI_2,Benign,25703.0,6635.0
ROI_2,Benign,25726.0,6635.0
ROI_2,Benign,25797.0,6595.0
ROI_2,Benign,25853.0,6587.0
ROI_2,Benign,25884.0,6571.0
ROI_2,Benign,25908.0,6571.0
ROI_2,Benign,25979.0,6548.0
ROI_2,Benign,26003.0,6532.0
ROI_2,Benign,26042.0,6524.0
ROI_2,Benign,26074.0,6500.0
ROI_2,Benign,26090.0,6500.0
ROI_2,Benign,26137.0,6469.0
ROI_2,Benign,26169.0,6461.0
ROI_2,Benign,26271.0,6406.0
ROI_2,Benign,26287.0,6406.0
ROI_2,Benign,26334.0,6366.0
ROI_2,Benign,26350.0,6366.0
ROI_2,Benign,26445.0,6319.0
ROI_2,Benign,26461.0,6319.0
ROI_2,Benign,26532.0,6279.0
ROI_2,Benign,26563.0,6271.0
ROI_2,Benign,26579.0,6255.0
ROI_2,Benign,26611.0,6248.0
ROI_2,Benign,26721.0,6169.0
ROI_2,Benign,26785.0,6137.0
ROI_2,Benign,26832.0,6090.0
ROI_2,Benign,26927.0,6042.0
ROI_2,Benign,26958.0,6018.0
ROI_2,Benign,26990.0,6011.0
ROI_2,Benign,27077.0,5939.0
ROI_2,Benign,27156.0,5900.0
ROI_2,Benign,27172.0,5900.0
ROI_2,Benign,27227.0,5853.0
ROI_2,Benign,27243.0,5853.0
ROI_2,Benign,27345.0,5797.0
ROI_2,Benign,27488.0,5758.0
ROI_2,Benign,27527.0,5726.0
ROI_2,Benign,27543.0,5726.0
ROI_2,Benign,27646.0,5679.0
ROI_2,Benign,27669.0,5679.0
ROI_2,Benign,27717.0,5655.0
ROI_2,Benign,27756.0,5647.0
ROI_2,Benign,27843.0,5592.0
ROI_2,Benign,27867.0,5592.0
ROI_2,Benign,27938.0,5568.0
ROI_2,Benign,28017.0,5529.0
ROI_2,Benign,28104.0,5513.0
ROI_2,Benign,28206.0,5473.0
ROI_2,Benign,28262.0,5466.0
ROI_2,Benign,28293.0,5450.0
ROI_2,Benign,28325.0,5450.0
ROI_2,Benign,28364.0,5434.0
ROI_2,Benign,28475.0,5426.0
ROI_2,Benign,28483.0,5418.0
ROI_2,Benign,28515.0,5418.0
ROI_2,Benign,28554.0,5402.0
ROI_2,Benign,28586.0,5402.0
ROI_2,Benign,28593.0,5394.0
ROI_2,Benign,28751.0,5379.0
ROI_2,Benign,28862.0,5339.0
ROI_2,Benign,28917.0,5339.0
ROI_2,Benign,28925.0,5331.0
ROI_2,Benign,29020.0,5323.0
ROI_2,Benign,29044.0,5308.0
ROI_2,Benign,29162.0,5284.0
ROI_2,Benign,29170.0,5276.0
ROI_2,Benign,29265.0,5268.0
ROI_2,Benign,29273.0,5260.0
ROI_2,Benign,29328.0,5260.0
ROI_2,Benign,29368.0,5244.0
ROI_2,Benign,29415.0,5244.0
ROI_2,Benign,29423.0,5236.0
ROI_2,Benign,29684.0,5221.0
ROI_2,Benign,29691.0,5213.0
ROI_2,Benign,29778.0,5205.0
ROI_2,Benign,29857.0,5173.0
ROI_2,Benign,29881.0,5173.0
ROI_2,Benign,29952.0,5150.0
ROI_2,Benign,30102.0,5134.0
ROI_2,Benign,30110.0,5126.0
ROI_2,Benign,30142.0,5126.0
ROI_2,Benign,30150.0,5118.0
ROI_2,Benign,30221.0,5110.0
ROI_2,Benign,30229.0,5102.0
ROI_2,Benign,30292.0,5102.0
ROI_2,Benign,30300.0,5094.0
ROI_2,Benign,30410.0,5086.0
ROI_2,Benign,30450.0,5071.0
ROI_2,Benign,30505.0,5071.0
ROI_2,Benign,30513.0,5063.0
ROI_2,Benign,30718.0,5063.0
ROI_2,Benign,30726.0,5071.0
ROI_2,Benign,30837.0,5078.0
ROI_2,Benign,30868.0,5094.0
ROI_2,Benign,30924.0,5102.0
ROI_2,Benign,30947.0,5118.0
ROI_2,Benign,30963.0,5118.0
ROI_2,Benign,31034.0,5150.0
ROI_2,Benign,31105.0,5165.0
ROI_2,Benign,31153.0,5189.0
ROI_2,Benign,31208.0,5197.0
ROI_2,Benign,31271.0,5221.0
ROI_2,Benign,31295.0,5221.0
ROI_2,Benign,31366.0,5252.0
ROI_2,Benign,31390.0,5252.0
ROI_2,Benign,31429.0,5268.0
ROI_2,Benign,31461.0,5268.0
ROI_2,Benign,31469.0,5276.0
ROI_2,Benign,31500.0,5276.0
ROI_2,Benign,31508.0,5284.0
ROI_2,Benign,31603.0,5292.0
ROI_2,Benign,31611.0,5300.0
ROI_2,Benign,32045.0,5292.0
ROI_2,Benign,32053.0,5300.0
ROI_2,Benign,32172.0,5300.0
ROI_2,Benign,32180.0,5308.0
ROI_2,Benign,32322.0,5308.0
ROI_2,Benign,32330.0,5300.0
ROI_2,Benign,32385.0,5300.0
ROI_2,Benign,32393.0,5292.0
ROI_2,Benign,32488.0,5292.0
ROI_2,Benign,32496.0,5284.0
ROI_2,Benign,32543.0,5284.0
ROI_2,Benign,32551.0,5276.0
ROI_2,Benign,32796.0,5268.0
ROI_2,Benign,32804.0,5260.0
ROI_2,Benign,32922.0,5260.0
ROI_2,Benign,32930.0,5252.0
ROI_2,Benign,32962.0,5252.0
ROI_2,Benign,33033.0,5229.0
ROI_2,Benign,33072.0,5229.0
ROI_2,Benign,33120.0,5213.0
ROI_2,Benign,33167.0,5213.0
ROI_2,Benign,33175.0,5205.0
ROI_2,Benign,33341.0,5197.0
ROI_2,Benign,33349.0,5189.0
ROI_2,Benign,33404.0,5189.0
ROI_2,Benign,33412.0,5181.0
ROI_2,Benign,33459.0,5181.0
ROI_2,Benign,33467.0,5173.0
ROI_2,Benign,33515.0,5173.0
ROI_2,Benign,33522.0,5165.0
ROI_2,Benign,33617.0,5165.0
ROI_2,Benign,33625.0,5157.0
ROI_2,Benign,33736.0,5150.0
ROI_2,Benign,33744.0,5142.0
ROI_2,Benign,33870.0,5134.0
ROI_2,Benign,33933.0,5110.0
ROI_2,Benign,34012.0,5102.0
ROI_2,Benign,34020.0,5094.0
ROI_2,Benign,34052.0,5094.0
ROI_2,Benign,34091.0,5078.0
ROI_2,Benign,34115.0,5078.0
ROI_2,Benign,34210.0,5047.0
ROI_2,Benign,34233.0,5031.0
ROI_2,Benign,34328.0,5007.0
ROI_2,Benign,34399.0,4976.0
ROI_2,Benign,34415.0,4960.0
ROI_2,Benign,34470.0,4952.0
ROI_2,Benign,34478.0,4944.0
ROI_2,Benign,34526.0,4944.0
ROI_2,Benign,34533.0,4952.0
ROI_2,Benign,34636.0,4952.0
ROI_2,Benign,34644.0,4960.0
ROI_2,Benign,34873.0,4960.0
ROI_2,Benign,34881.0,4952.0
ROI_2,Benign,35086.0,4936.0
ROI_2,Benign,35094.0,4928.0
ROI_2,Benign,35173.0,4928.0
ROI_2,Benign,35181.0,4921.0
ROI_2,Benign,35308.0,4921.0
ROI_2,Benign,35315.0,4913.0
ROI_2,Benign,35418.0,4913.0
ROI_2,Benign,35426.0,4905.0
ROI_2,Benign,35584.0,4905.0
ROI_2,Benign,35592.0,4897.0
ROI_2,Benign,35821.0,4897.0
ROI_2,Benign,35829.0,4889.0
ROI_2,Benign,35947.0,4889.0
ROI_2,Benign,35955.0,4897.0
ROI_2,Benign,36026.0,4897.0
ROI_2,Benign,36034.0,4905.0
ROI_2,Benign,36097.0,4905.0
ROI_2,Benign,36105.0,4913.0
ROI_2,Benign,36169.0,4913.0
ROI_2,Benign,36176.0,4921.0
ROI_2,Benign,36224.0,4921.0
ROI_2,Benign,36232.0,4928.0
ROI_2,Benign,36311.0,4936.0
ROI_2,Benign,36319.0,4944.0
ROI_2,Benign,36406.0,4952.0
ROI_2,Benign,36445.0,4968.0
ROI_2,Benign,36524.0,4976.0
ROI_2,Benign,36563.0,4992.0
ROI_2,Benign,36666.0,5007.0
ROI_2,Benign,36674.0,5015.0
ROI_2,Benign,36761.0,5031.0
ROI_2,Benign,36832.0,5063.0
ROI_2,Benign,36919.0,5086.0
ROI_2,Benign,36998.0,5126.0
ROI_2,Benign,37101.0,5157.0
ROI_2,Benign,37180.0,5205.0
ROI_2,Benign,37251.0,5229.0
ROI_2,Benign,37369.0,5244.0
ROI_2,Benign,37401.0,5260.0
ROI_2,Benign,37551.0,5284.0
ROI_2,Benign,37582.0,5300.0
ROI_2,Benign,37606.0,5300.0
ROI_2,Benign,37646.0,5323.0
ROI_2,Benign,37685.0,5331.0
ROI_2,Benign,37709.0,5347.0
ROI_2,Benign,37733.0,5347.0
ROI_2,Benign,37812.0,5387.0
ROI_2,Benign,37859.0,5394.0
ROI_2,Benign,37922.0,5426.0
ROI_2,Benign,37946.0,5450.0
ROI_2,Benign,38072.0,5513.0
ROI_2,Benign,38167.0,5545.0
ROI_2,Benign,38206.0,5576.0
ROI_2,Benign,38262.0,5600.0
ROI_2,Benign,38317.0,5647.0
ROI_2,Benign,38349.0,5663.0
ROI_2,Benign,38475.0,5797.0
ROI_2,Benign,38507.0,5821.0
ROI_2,Benign,38507.0,5829.0
ROI_2,Benign,38515.0,5829.0
ROI_2,Benign,38641.0,5947.0
ROI_2,Benign,38688.0,6011.0
ROI_2,Benign,38807.0,6129.0
ROI_2,Benign,38886.0,6232.0
ROI_2,Benign,38902.0,6279.0
ROI_2,Benign,38941.0,6342.0
ROI_2,Benign,38949.0,6390.0
ROI_2,Benign,38965.0,6421.0
ROI_2,Benign,38965.0,6445.0
ROI_2,Benign,38988.0,6492.0
ROI_2,Benign,38988.0,6524.0
ROI_2,Benign,39004.0,6548.0
ROI_2,Benign,39004.0,6571.0
ROI_2,Benign,39020.0,6603.0
ROI_2,Benign,39028.0,6666.0
ROI_2,Benign,39052.0,6721.0
ROI_2,Benign,39067.0,6824.0
ROI_2,Benign,39075.0,6832.0
ROI_2,Benign,39091.0,7037.0
ROI_2,Benign,39107.0,7077.0
ROI_2,Benign,39107.0,7109.0
ROI_2,Benign,39115.0,7116.0
ROI_2,Benign,39115.0,7235.0
ROI_2,Benign,39123.0,7243.0
ROI_2,Benign,39123.0,7338.0
ROI_2,Benign,39131.0,7345.0
ROI_2,Benign,39131.0,7677.0
ROI_2,Benign,39139.0,7685.0
ROI_2,Benign,39139.0,7740.0
ROI_2,Benign,39146.0,7748.0
ROI_2,Benign,39154.0,8120.0
ROI_2,Benign,39162.0,8127.0
ROI_2,Benign,39154.0,8293.0
ROI_2,Benign,39146.0,8301.0
ROI_2,Benign,39146.0,8341.0
ROI_2,Benign,39131.0,8372.0
ROI_2,Benign,39131.0,8412.0
ROI_2,Benign,39091.0,8522.0
ROI_2,Benign,39091.0,8554.0
ROI_2,Benign,39075.0,8593.0
ROI_2,Benign,39075.0,8617.0
ROI_2,Benign,39060.0,8641.0
ROI_2,Benign,39060.0,8665.0
ROI_2,Benign,39012.0,8759.0
ROI_2,Benign,39012.0,8775.0
ROI_2,Benign,38965.0,8854.0
ROI_2,Benign,38941.0,8925.0
ROI_2,Benign,38941.0,8949.0
ROI_2,Benign,38902.0,9028.0
ROI_2,Benign,38902.0,9044.0
ROI_2,Benign,38862.0,9115.0
ROI_2,Benign,38838.0,9139.0
ROI_2,Benign,38815.0,9249.0
ROI_2,Benign,38759.0,9312.0
ROI_2,Benign,38751.0,9312.0
ROI_2,Benign,38672.0,9391.0
ROI_2,Benign,38578.0,9454.0
ROI_2,Benign,38554.0,9486.0
ROI_2,Benign,38499.0,9518.0
ROI_2,Benign,38483.0,9518.0
ROI_2,Benign,38412.0,9581.0
ROI_2,Benign,38388.0,9589.0
ROI_2,Benign,38364.0,9612.0
ROI_2,Benign,38309.0,9644.0
ROI_2,Benign,38246.0,9707.0
ROI_2,Benign,38183.0,9810.0
ROI_2,Benign,38120.0,9881.0
ROI_2,Benign,38001.0,9944.0
ROI_2,Benign,37946.0,9952.0
ROI_2,Benign,37875.0,9984.0
ROI_2,Benign,37859.0,9984.0
ROI_2,Benign,37835.0,10000.0
ROI_2,Benign,37725.0,10031.0
ROI_2,Benign,37677.0,10071.0
ROI_2,Benign,37638.0,10086.0
ROI_2,Benign,37614.0,10110.0
ROI_2,Benign,37511.0,10165.0
ROI_2,Benign,37488.0,10189.0
ROI_2,Benign,37432.0,10213.0
ROI_2,Benign,37409.0,10236.0
ROI_2,Benign,37290.0,10292.0
ROI_2,Benign,37235.0,10331.0
ROI_2,Benign,37187.0,10339.0
ROI_2,Benign,37132.0,10371.0
ROI_2,Benign,37058.0,10389.0
ROI_2,Benign,37386.0,10874.0
ROI_2,Benign,37369.0,10884.0
ROI_2,Benign,37440.0,10845.0
ROI_2,Benign,37527.0,10821.0
ROI_2,Benign,37575.0,10789.0
ROI_2,Benign,37590.0,10789.0
ROI_2,Benign,37669.0,10750.0
ROI_2,Benign,37693.0,10726.0
ROI_2,Benign,37788.0,10687.0
ROI_2,Benign,37819.0,10655.0
ROI_2,Benign,37883.0,10631.0
ROI_2,Benign,37930.0,10592.0
ROI_2,Benign,37977.0,10568.0
ROI_2,Benign,38033.0,10505.0
ROI_2,Benign,38080.0,10473.0
ROI_2,Benign,38112.0,10466.0
ROI_2,Benign,38159.0,10434.0
ROI_2,Benign,38206.0,10387.0
ROI_2,Benign,38246.0,10371.0
ROI_2,Benign,38278.0,10339.0
ROI_2,Benign,38325.0,10315.0
ROI_2,Benign,38475.0,10189.0
ROI_2,Benign,38538.0,10126.0
ROI_2,Benign,38546.0,10126.0
ROI_2,Benign,38586.0,10078.0
ROI_2,Benign,38609.0,10071.0
ROI_2,Benign,38720.0,9960.0
ROI_2,Benign,38775.0,9928.0
ROI_2,Benign,38823.0,9881.0
ROI_2,Benign,38870.0,9857.0
ROI_2,Benign,38902.0,9826.0
ROI_2,Benign,38941.0,9810.0
ROI_2,Benign,39123.0,9652.0
ROI_2,Benign,39162.0,9589.0
ROI_2,Benign,39186.0,9573.0
ROI_2,Benign,39218.0,9533.0
ROI_2,Benign,39265.0,9439.0
ROI_2,Benign,39320.0,9375.0
ROI_2,Benign,39352.0,9312.0
ROI_2,Benign,39368.0,9296.0
ROI_2,Benign,39391.0,9186.0
ROI_2,Benign,39415.0,9139.0
ROI_2,Benign,39439.0,9115.0
ROI_2,Benign,39447.0,9075.0
ROI_2,Benign,39470.0,9028.0
ROI_2,Benign,39486.0,8949.0
ROI_2,Benign,39533.0,8854.0
ROI_2,Benign,39533.0,8823.0
ROI_2,Benign,39549.0,8807.0
ROI_2,Benign,39597.0,8704.0
ROI_2,Benign,39612.0,8688.0
ROI_2,Benign,39636.0,8617.0
ROI_2,Benign,39652.0,8593.0
ROI_2,Benign,39652.0,8578.0
ROI_2,Benign,39684.0,8530.0
ROI_2,Benign,39731.0,8428.0
ROI_2,Benign,39747.0,8412.0
ROI_2,Benign,39770.0,8325.0
ROI_2,Benign,39778.0,8230.0
ROI_2,Benign,39786.0,8222.0
ROI_2,Benign,39786.0,8080.0
ROI_2,Benign,39778.0,8072.0
ROI_2,Benign,39778.0,8033.0
ROI_2,Benign,39770.0,8025.0
ROI_2,Benign,39755.0,7890.0
ROI_2,Benign,39723.0,7804.0
ROI_2,Benign,39715.0,7717.0
ROI_2,Benign,39707.0,7709.0
ROI_2,Benign,39707.0,7661.0
ROI_2,Benign,39699.0,7654.0
ROI_2,Benign,39699.0,7369.0
ROI_2,Benign,39691.0,7361.0
ROI_2,Benign,39691.0,7322.0
ROI_2,Benign,39636.0,7172.0
ROI_2,Benign,39628.0,7116.0
ROI_2,Benign,39612.0,7093.0
ROI_2,Benign,39589.0,7022.0
ROI_2,Benign,39589.0,6982.0
ROI_2,Benign,39581.0,6974.0
ROI_2,Benign,39581.0,6951.0
ROI_2,Benign,39573.0,6943.0
ROI_2,Benign,39573.0,6919.0
ROI_2,Benign,39557.0,6872.0
ROI_2,Benign,39518.0,6800.0
ROI_2,Benign,39494.0,6777.0
ROI_2,Benign,39454.0,6682.0
ROI_2,Benign,39462.0,6421.0
ROI_2,Benign,39454.0,6413.0
ROI_2,Benign,39454.0,6366.0
ROI_2,Benign,39439.0,6327.0
ROI_2,Benign,39439.0,6303.0
ROI_2,Benign,39415.0,6271.0
ROI_2,Benign,39383.0,6169.0
ROI_2,Benign,39320.0,6050.0
ROI_2,Benign,39296.0,6026.0
ROI_2,Benign,39265.0,5955.0
ROI_2,Benign,39257.0,5916.0
ROI_2,Benign,39194.0,5797.0
ROI_2,Benign,39154.0,5766.0
ROI_2,Benign,39083.0,5671.0
ROI_2,Benign,39075.0,5671.0
ROI_2,Benign,39012.0,5608.0
ROI_2,Benign,38973.0,5584.0
ROI_2,Benign,38941.0,5537.0
ROI_2,Benign,38799.0,5410.0
ROI_2,Benign,38759.0,5394.0
ROI_2,Benign,38641.0,5292.0
ROI_2,Benign,38586.0,5268.0
ROI_2,Benign,38538.0,5229.0
ROI_2,Benign,38522.0,5229.0
ROI_2,Benign,38483.0,5205.0
ROI_2,Benign,38436.0,5157.0
ROI_2,Benign,38396.0,5142.0
ROI_2,Benign,38270.0,5031.0
ROI_2,Benign,38175.0,4960.0
ROI_2,Benign,38151.0,4952.0
ROI_2,Benign,38112.0,4913.0
ROI_2,Benign,38072.0,4897.0
ROI_2,Benign,38009.0,4842.0
ROI_2,Benign,37954.0,4818.0
ROI_2,Benign,37914.0,4786.0
ROI_2,Benign,37867.0,4770.0
ROI_2,Benign,37812.0,4763.0
ROI_2,Benign,37740.0,4731.0
ROI_2,Benign,37661.0,4715.0
ROI_2,Benign,37630.0,4699.0
ROI_2,Benign,37519.0,4684.0
ROI_2,Benign,37511.0,4676.0
ROI_2,Benign,37488.0,4676.0
ROI_2,Benign,37456.0,4660.0
ROI_2,Benign,37409.0,4652.0
ROI_2,Benign,37306.0,4597.0
ROI_2,Benign,37211.0,4573.0
ROI_2,Benign,37172.0,4533.0
ROI_2,Benign,37061.0,4478.0
ROI_2,Benign,36951.0,4447.0
ROI_2,Benign,36856.0,4391.0
ROI_2,Benign,36808.0,4383.0
ROI_2,Benign,36785.0,4368.0
ROI_2,Benign,36761.0,4368.0
ROI_2,Benign,36737.0,4352.0
ROI_2,Benign,36690.0,4344.0
ROI_2,Benign,36619.0,4320.0
ROI_2,Benign,36595.0,4304.0
ROI_2,Benign,36571.0,4304.0
ROI_2,Benign,36492.0,4273.0
ROI_2,Benign,36382.0,4257.0
ROI_2,Benign,36350.0,4241.0
ROI_2,Benign,36311.0,4241.0
ROI_2,Benign,36303.0,4233.0
ROI_2,Benign,36271.0,4233.0
ROI_2,Benign,36263.0,4225.0
ROI_2,Benign,36200.0,4218.0
ROI_2,Benign,36192.0,4210.0
ROI_2,Benign,36161.0,4210.0
ROI_2,Benign,35971.0,4146.0
ROI_2,Benign,35860.0,4139.0
ROI_2,Benign,35853.0,4131.0
ROI_2,Benign,35829.0,4131.0
ROI_2,Benign,35758.0,4107.0
ROI_2,Benign,35726.0,4107.0
ROI_2,Benign,35718.0,4099.0
ROI_2,Benign,35687.0,4099.0
ROI_2,Benign,35679.0,4091.0
ROI_2,Benign,35426.0,4075.0
ROI_2,Benign,35418.0,4067.0
ROI_2,Benign,35347.0,4060.0
ROI_2,Benign,35339.0,4052.0
ROI_2,Benign,35292.0,4052.0
ROI_2,Benign,35229.0,4028.0
ROI_2,Benign,35181.0,4028.0
ROI_2,Benign,35173.0,4020.0
ROI_2,Benign,34865.0,4020.0
ROI_2,Benign,34857.0,4028.0
ROI_2,Benign,34794.0,4028.0
ROI_2,Benign,34786.0,4020.0
ROI_2,Benign,34715.0,4020.0
ROI_2,Benign,34707.0,4012.0
ROI_2,Benign,34423.0,4012.0
ROI_2,Benign,34415.0,4004.0
ROI_2,Benign,34273.0,4004.0
ROI_2,Benign,34265.0,4012.0
ROI_2,Benign,34146.0,4020.0
ROI_2,Benign,34139.0,4012.0
ROI_2,Benign,34091.0,4012.0
ROI_2,Benign,34052.0,3996.0
ROI_2,Benign,34028.0,3996.0
ROI_2,Benign,34004.0,3981.0
ROI_2,Benign,33957.0,3973.0
ROI_2,Benign,33949.0,3965.0
ROI_2,Benign,33902.0,3965.0
ROI_2,Benign,33894.0,3957.0
ROI_2,Benign,33854.0,3957.0
ROI_2,Benign,33846.0,3949.0
ROI_2,Benign,33783.0,3949.0
ROI_2,Benign,33775.0,3941.0
ROI_2,Benign,33720.0,3941.0
ROI_2,Benign,33712.0,3933.0
ROI_2,Benign,33593.0,3933.0
ROI_2,Benign,33586.0,3925.0
ROI_2,Benign,33491.0,3917.0
ROI_2,Benign,33483.0,3909.0
ROI_2,Benign,33428.0,3909.0
ROI_2,Benign,33317.0,3878.0
ROI_2,Benign,33127.0,3862.0
ROI_2,Benign,33120.0,3854.0
ROI_2,Benign,33088.0,3854.0
ROI_2,Benign,33064.0,3838.0
ROI_2,Benign,32938.0,3823.0
ROI_2,Benign,32867.0,3799.0
ROI_2,Benign,32827.0,3799.0
ROI_2,Benign,32819.0,3791.0
ROI_2,Benign,32582.0,3791.0
ROI_2,Benign,32575.0,3783.0
ROI_2,Benign,32543.0,3783.0
ROI_2,Benign,32503.0,3767.0
ROI_2,Benign,32440.0,3759.0
ROI_2,Benign,32432.0,3751.0
ROI_2,Benign,32393.0,3751.0
ROI_2,Benign,32251.0,3704.0
ROI_2,Benign,32116.0,3696.0
ROI_2,Benign,32109.0,3688.0
ROI_2,Benign,31919.0,3688.0
ROI_2,Benign,31911.0,3696.0
ROI_2,Benign,31840.0,3696.0
ROI_4,Benign,49162.0,16421.0
ROI_4,Benign,49123.0,16421.0
ROI_4,Benign,49115.0,16429.0
ROI_4,Benign,49083.0,16429.0
ROI_4,Benign,49044.0,16445.0
ROI_4,Benign,49012.0,16445.0
ROI_4,Benign,48973.0,16461.0
ROI_4,Benign,48941.0,16461.0
ROI_4,Benign,48933.0,16469.0
ROI_4,Benign,48878.0,16477.0
ROI_4,Benign,48783.0,16524.0
ROI_4,Benign,48744.0,16532.0
ROI_4,Benign,48704.0,16556.0
ROI_4,Benign,48649.0,16571.0
ROI_4,Benign,48609.0,16595.0
ROI_4,Benign,48586.0,16595.0
ROI_4,Benign,48483.0,16666.0
ROI_4,Benign,48404.0,16690.0
ROI_4,Benign,48357.0,16714.0
ROI_4,Benign,48309.0,16721.0
ROI_4,Benign,48278.0,16737.0
ROI_4,Benign,48238.0,16777.0
ROI_4,Benign,48206.0,16785.0
ROI_4,Benign,48151.0,16816.0
ROI_4,Benign,48135.0,16816.0
ROI_4,Benign,48080.0,16848.0
ROI_4,Benign,48064.0,16848.0
ROI_4,Benign,48017.0,16887.0
ROI_4,Benign,47954.0,16919.0
ROI_4,Benign,47922.0,16951.0
ROI_4,Benign,47819.0,17006.0
ROI_4,Benign,47796.0,17030.0
ROI_4,Benign,47756.0,17045.0
ROI_4,Benign,47725.0,17077.0
ROI_4,Benign,47661.0,17109.0
ROI_4,Benign,47578.0,17167.0
ROI_4,Benign,47826.0,17712.0
ROI_4,Benign,47906.0,17661.0
ROI_4,Benign,47977.0,17630.0
ROI_4,Benign,48017.0,17590.0
ROI_4,Benign,48041.0,17582.0
ROI_4,Benign,48072.0,17551.0
ROI_4,Benign,48135.0,17519.0
ROI_4,Benign,48191.0,17472.0
ROI_4,Benign,48238.0,17456.0
ROI_4,Benign,48262.0,17432.0
ROI_4,Benign,48293.0,17424.0
ROI_4,Benign,48325.0,17401.0
ROI_4,Benign,48364.0,17393.0
ROI_4,Benign,48396.0,17361.0
ROI_4,Benign,48451.0,17330.0
ROI_4,Benign,48483.0,17322.0
ROI_4,Benign,48515.0,17290.0
ROI_4,Benign,48570.0,17266.0
ROI_4,Benign,48688.0,17187.0
ROI_4,Benign,48767.0,17148.0
ROI_4,Benign,48807.0,17140.0
ROI_4,Benign,48846.0,17116.0
ROI_4,Benign,48886.0,17109.0
ROI_4,Benign,48949.0,17077.0
ROI_4,Benign,48988.0,17069.0
ROI_4,Benign,49060.0,17030.0
ROI_4,Benign,49107.0,17014.0
ROI_4,Benign,49186.0,17006.0
ROI_4,Benign,49194.0,16998.0
ROI_4,Benign,49289.0,16998.0
ROI_4,Benign,49296.0,17006.0
ROI_4,Benign,49454.0,17014.0
ROI_4,Benign,49462.0,17022.0
ROI_4,Benign,49502.0,17022.0
ROI_4,Benign,49510.0,17030.0
ROI_4,Benign,49573.0,17037.0
ROI_4,Benign,49739.0,17093.0
ROI_4,Benign,49826.0,17140.0
ROI_4,Benign,49897.0,17156.0
ROI_4,Benign,49960.0,17187.0
ROI_4,Benign,49976.0,17203.0
ROI_4,Benign,50007.0,17211.0
ROI_4,Benign,50157.0,17338.0
ROI_4,Benign,50205.0,17385.0
ROI_4,Benign,50205.0,17393.0
ROI_4,Benign,50260.0,17424.0
ROI_4,Benign,50292.0,17472.0
ROI_4,Benign,50308.0,17480.0
ROI_4,Benign,50347.0,17551.0
ROI_4,Benign,50394.0,17606.0
ROI_4,Benign,50410.0,17646.0
ROI_4,Benign,50434.0,17669.0
ROI_4,Benign,50473.0,17788.0
ROI_4,Benign,50473.0,17851.0
ROI_4,Benign,50481.0,17859.0
ROI_4,Benign,50481.0,17914.0
ROI_4,Benign,50489.0,17922.0
ROI_4,Benign,50489.0,18301.0
ROI_4,Benign,50466.0,18372.0
ROI_4,Benign,50466.0,18404.0
ROI_4,Benign,50458.0,18412.0
ROI_4,Benign,50458.0,18443.0
ROI_4,Benign,50442.0,18483.0
ROI_4,Benign,50434.0,18538.0
ROI_4,Benign,50418.0,18570.0
ROI_4,Benign,50418.0,18593.0
ROI_4,Benign,50402.0,18617.0
ROI_4,Benign,50394.0,18665.0
ROI_4,Benign,50371.0,18696.0
ROI_4,Benign,50371.0,18712.0
ROI_4,Benign,50347.0,18751.0
ROI_4,Benign,50315.0,18846.0
ROI_4,Benign,50292.0,18878.0
ROI_4,Benign,50276.0,18925.0
ROI_4,Benign,50213.0,18996.0
ROI_4,Benign,50197.0,19036.0
ROI_4,Benign,50165.0,19067.0
ROI_4,Benign,50157.0,19091.0
ROI_4,Benign,50102.0,19154.0
ROI_4,Benign,50063.0,19218.0
ROI_4,Benign,49913.0,19360.0
ROI_4,Benign,49849.0,19399.0
ROI_4,Benign,49826.0,19431.0
ROI_4,Benign,49763.0,19486.0
ROI_4,Benign,49707.0,19518.0
ROI_4,Benign,49676.0,19557.0
ROI_4,Benign,49605.0,19612.0
ROI_4,Benign,49541.0,19684.0
ROI_4,Benign,49454.0,19747.0
ROI_4,Benign,49336.0,19873.0
ROI_4,Benign,49225.0,20086.0
ROI_4,Benign,49210.0,20189.0
ROI_4,Benign,49202.0,20197.0
ROI_4,Benign,49202.0,20229.0
ROI_4,Benign,49194.0,20236.0
ROI_4,Benign,49194.0,20276.0
ROI_4,Benign,49186.0,20284.0
ROI_4,Benign,49186.0,20505.0
ROI_4,Benign,49194.0,20513.0
ROI_4,Benign,49194.0,20608.0
ROI_4,Benign,49202.0,20616.0
ROI_4,Benign,49210.0,20687.0
ROI_4,Benign,49241.0,20758.0
ROI_4,Benign,49249.0,20805.0
ROI_4,Benign,49273.0,20876.0
ROI_4,Benign,49289.0,20900.0
ROI_4,Benign,49336.0,21058.0
ROI_4,Benign,49407.0,21145.0
ROI_4,Benign,49407.0,21161.0
ROI_4,Benign,49423.0,21184.0
ROI_4,Benign,49431.0,21240.0
ROI_4,Benign,49462.0,21334.0
ROI_4,Benign,49462.0,21358.0
ROI_4,Benign,49526.0,21524.0
ROI_4,Benign,49526.0,21556.0
ROI_4,Benign,49557.0,21642.0
ROI_4,Benign,49557.0,21682.0
ROI_4,Benign,49573.0,21721.0
ROI_4,Benign,49581.0,21808.0
ROI_4,Benign,49612.0,21903.0
ROI_4,Benign,49620.0,21990.0
ROI_4,Benign,49636.0,22037.0
ROI_4,Benign,49644.0,22156.0
ROI_4,Benign,49652.0,22164.0
ROI_4,Benign,49660.0,22227.0
ROI_4,Benign,49684.0,22290.0
ROI_4,Benign,49699.0,22440.0
ROI_4,Benign,49723.0,22503.0
ROI_4,Benign,49731.0,22559.0
ROI_4,Benign,49763.0,22638.0
ROI_4,Benign,49770.0,22701.0
ROI_4,Benign,49778.0,22709.0
ROI_4,Benign,49794.0,22796.0
ROI_4,Benign,49810.0,22835.0
ROI_4,Benign,49818.0,22906.0
ROI_4,Benign,49826.0,22914.0
ROI_4,Benign,49826.0,22954.0
ROI_4,Benign,49834.0,22962.0
ROI_4,Benign,49865.0,23112.0
ROI_4,Benign,49881.0,23151.0
ROI_4,Benign,49889.0,23293.0
ROI_4,Benign,49897.0,23301.0
ROI_4,Benign,49905.0,23617.0
ROI_4,Benign,49897.0,23625.0
ROI_4,Benign,49897.0,23704.0
ROI_4,Benign,49881.0,23751.0
ROI_4,Benign,49873.0,23846.0
ROI_4,Benign,49865.0,23854.0
ROI_4,Benign,49865.0,23894.0
ROI_4,Benign,49857.0,23902.0
ROI_4,Benign,49857.0,23965.0
ROI_4,Benign,49849.0,23973.0
ROI_4,Benign,49849.0,24004.0
ROI_4,Benign,49834.0,24052.0
ROI_4,Benign,49834.0,24099.0
ROI_4,Benign,49826.0,24107.0
ROI_4,Benign,49810.0,24233.0
ROI_4,Benign,49794.0,24265.0
ROI_4,Benign,49778.0,24360.0
ROI_4,Benign,49747.0,24431.0
ROI_4,Benign,49739.0,24478.0
ROI_4,Benign,49723.0,24502.0
ROI_4,Benign,49723.0,24526.0
ROI_4,Benign,49707.0,24565.0
ROI_4,Benign,49707.0,24597.0
ROI_4,Benign,49699.0,24605.0
ROI_4,Benign,49699.0,24636.0
ROI_4,Benign,49684.0,24676.0
ROI_4,Benign,49684.0,24707.0
ROI_4,Benign,49660.0,24770.0
ROI_4,Benign,49652.0,24857.0
ROI_4,Benign,49644.0,24865.0
ROI_4,Benign,49644.0,24921.0
ROI_4,Benign,49636.0,24928.0
ROI_4,Benign,49628.0,25078.0
ROI_4,Benign,49620.0,25086.0
ROI_4,Benign,49620.0,25142.0
ROI_4,Benign,49612.0,25150.0
ROI_4,Benign,49612.0,25497.0
ROI_4,Benign,49620.0,25505.0
ROI_4,Benign,49620.0,25537.0
ROI_4,Benign,49612.0,25545.0
ROI_4,Benign,49612.0,25639.0
ROI_4,Benign,49605.0,25647.0
ROI_4,Benign,49605.0,25726.0
ROI_4,Benign,49597.0,25734.0
ROI_4,Benign,49597.0,25979.0
ROI_4,Benign,49589.0,25987.0
ROI_4,Benign,49589.0,26050.0
ROI_4,Benign,49573.0,26097.0
ROI_4,Benign,49557.0,26240.0
ROI_4,Benign,49549.0,26248.0
ROI_4,Benign,49541.0,26295.0
ROI_4,Benign,49526.0,26319.0
ROI_4,Benign,49518.0,26390.0
ROI_4,Benign,49494.0,26453.0
ROI_4,Benign,49494.0,26477.0
ROI_4,Benign,49470.0,26548.0
ROI_4,Benign,49454.0,26571.0
ROI_4,Benign,49439.0,26666.0
ROI_4,Benign,49415.0,26714.0
ROI_4,Benign,49375.0,26840.0
ROI_4,Benign,49344.0,26895.0
ROI_4,Benign,49336.0,26943.0
ROI_4,Benign,49312.0,27006.0
ROI_4,Benign,49312.0,27030.0
ROI_4,Benign,49273.0,27124.0
ROI_4,Benign,49265.0,27187.0
ROI_4,Benign,49257.0,27195.0
ROI_4,Benign,49257.0,27235.0
ROI_4,Benign,49202.0,27345.0
ROI_4,Benign,49202.0,27369.0
ROI_4,Benign,49186.0,27401.0
ROI_4,Benign,49186.0,27432.0
ROI_4,Benign,49178.0,27440.0
ROI_4,Benign,49162.0,27543.0
ROI_4,Benign,49154.0,27551.0
ROI_4,Benign,49146.0,27614.0
ROI_4,Benign,49139.0,27622.0
ROI_4,Benign,49139.0,27669.0
ROI_4,Benign,49131.0,27677.0
ROI_4,Benign,49123.0,27756.0
ROI_4,Benign,49099.0,27827.0
ROI_4,Benign,49091.0,27883.0
ROI_4,Benign,49083.0,27890.0
ROI_4,Benign,49075.0,28001.0
ROI_4,Benign,49067.0,28009.0
ROI_4,Benign,49060.0,28072.0
ROI_4,Benign,49028.0,28159.0
ROI_4,Benign,49020.0,28230.0
ROI_4,Benign,49012.0,28238.0
ROI_4,Benign,48996.0,28372.0
ROI_4,Benign,48988.0,28380.0
ROI_4,Benign,48981.0,28459.0
ROI_4,Benign,48973.0,28467.0
ROI_4,Benign,48973.0,28515.0
ROI_4,Benign,48941.0,28586.0
ROI_4,Benign,48917.0,28712.0
ROI_4,Benign,48902.0,28759.0
ROI_4,Benign,48870.0,28815.0
ROI_4,Benign,48870.0,28830.0
ROI_4,Benign,48846.0,28854.0
ROI_4,Benign,48838.0,28886.0
ROI_4,Benign,48815.0,28925.0
ROI_4,Benign,48799.0,29012.0
ROI_4,Benign,48759.0,29115.0
ROI_4,Benign,48759.0,29146.0
ROI_4,Benign,48712.0,29257.0
ROI_4,Benign,48696.0,29344.0
ROI_4,Benign,48688.0,29352.0
ROI_4,Benign,48688.0,29391.0
ROI_4,Benign,48680.0,29399.0
ROI_4,Benign,48665.0,29526.0
ROI_4,Benign,48641.0,29573.0
ROI_4,Benign,48641.0,29597.0
ROI_4,Benign,48625.0,29628.0
ROI_4,Benign,48625.0,29660.0
ROI_4,Benign,48586.0,29755.0
ROI_4,Benign,48586.0,29778.0
ROI_4,Benign,48570.0,29802.0
ROI_4,Benign,48570.0,29826.0
ROI_4,Benign,48562.0,29834.0
ROI_4,Benign,48562.0,29857.0
ROI_4,Benign,48546.0,29905.0
ROI_4,Benign,48515.0,29968.0
ROI_4,Benign,48499.0,30031.0
ROI_4,Benign,48436.0,30134.0
ROI_4,Benign,48436.0,30157.0
ROI_4,Benign,48396.0,30244.0
ROI_4,Benign,48349.0,30402.0
ROI_4,Benign,48325.0,30442.0
ROI_4,Benign,48325.0,30466.0
ROI_4,Benign,48270.0,30631.0
ROI_4,Benign,48262.0,30726.0
ROI_4,Benign,48254.0,30734.0
ROI_4,Benign,48254.0,30789.0
ROI_4,Benign,48246.0,30797.0
ROI_4,Benign,48246.0,30829.0
ROI_4,Benign,48199.0,31003.0
ROI_4,Benign,48199.0,31050.0
ROI_4,Benign,48183.0,31097.0
ROI_4,Benign,48167.0,31224.0
ROI_4,Benign,48159.0,31232.0
ROI_4,Benign,48159.0,31271.0
ROI_4,Benign,48151.0,31279.0
ROI_4,Benign,48151.0,31319.0
ROI_4,Benign,48143.0,31327.0
ROI_4,Benign,48143.0,31382.0
ROI_4,Benign,48135.0,31390.0
ROI_4,Benign,48135.0,31532.0
ROI_4,Benign,48127.0,31540.0
ROI_4,Benign,48120.0,31650.0
ROI_4,Benign,48112.0,31658.0
ROI_4,Benign,48112.0,31698.0
ROI_4,Benign,48104.0,31706.0
ROI_4,Benign,48104.0,31745.0
ROI_4,Benign,48096.0,31753.0
ROI_4,Benign,48096.0,31808.0
ROI_4,Benign,48088.0,31816.0
ROI_4,Benign,48088.0,31856.0
ROI_4,Benign,48080.0,31864.0
ROI_4,Benign,48072.0,32045.0
ROI_4,Benign,48064.0,32053.0
ROI_4,Benign,48064.0,32093.0
ROI_4,Benign,48048.0,32132.0
ROI_4,Benign,48033.0,32290.0
ROI_4,Benign,48025.0,32298.0
ROI_4,Benign,48017.0,32377.0
ROI_4,Benign,48009.0,32385.0
ROI_4,Benign,48009.0,32559.0
ROI_4,Benign,48001.0,32567.0
ROI_4,Benign,47985.0,32693.0
ROI_4,Benign,47962.0,32740.0
ROI_4,Benign,47954.0,32804.0
ROI_4,Benign,47946.0,32812.0
ROI_4,Benign,47946.0,32859.0
ROI_4,Benign,47938.0,32867.0
ROI_4,Benign,47922.0,33009.0
ROI_4,Benign,47914.0,33017.0
ROI_4,Benign,47914.0,33088.0
ROI_4,Benign,47906.0,33096.0
ROI_4,Benign,47898.0,33183.0
ROI_4,Benign,47883.0,33214.0
ROI_4,Benign,47867.0,33317.0
ROI_4,Benign,47819.0,33428.0
ROI_4,Benign,47796.0,33586.0
ROI_4,Benign,47756.0,33680.0
ROI_4,Benign,47740.0,33759.0
ROI_4,Benign,47693.0,33854.0
ROI_4,Benign,47677.0,33902.0
ROI_4,Benign,47677.0,33925.0
ROI_4,Benign,47661.0,33957.0
ROI_4,Benign,47646.0,34067.0
ROI_4,Benign,47630.0,34099.0
ROI_4,Benign,47630.0,34139.0
ROI_4,Benign,47614.0,34186.0
ROI_4,Benign,47606.0,34281.0
ROI_4,Benign,47598.0,34289.0
ROI_4,Benign,47598.0,34312.0
ROI_4,Benign,47567.0,34368.0
ROI_4,Benign,47567.0,34391.0
ROI_4,Benign,47535.0,34478.0
ROI_4,Benign,47519.0,34557.0
ROI_4,Benign,47503.0,34589.0
ROI_4,Benign,47488.0,34691.0
ROI_4,Benign,47472.0,34739.0
ROI_4,Benign,47448.0,34778.0
ROI_4,Benign,47393.0,34952.0
ROI_4,Benign,47369.0,34992.0
ROI_4,Benign,47369.0,35015.0
ROI_4,Benign,47345.0,35086.0
ROI_4,Benign,47314.0,35134.0
ROI_4,Benign,47298.0,35213.0
ROI_4,Benign,47282.0,35236.0
ROI_4,Benign,47282.0,35268.0
ROI_4,Benign,47274.0,35276.0
ROI_4,Benign,47266.0,35331.0
ROI_4,Benign,47243.0,35371.0
ROI_4,Benign,47243.0,35394.0
ROI_4,Benign,47219.0,35466.0
ROI_4,Benign,47187.0,35521.0
ROI_4,Benign,47148.0,35647.0
ROI_4,Benign,47124.0,35687.0
ROI_4,Benign,47124.0,35710.0
ROI_4,Benign,47101.0,35781.0
ROI_4,Benign,47053.0,35868.0
ROI_4,Benign,47045.0,35908.0
ROI_4,Benign,46998.0,36003.0
ROI_4,Benign,46974.0,36074.0
ROI_4,Benign,46974.0,36097.0
ROI_4,Benign,46935.0,36145.0
ROI_4,Benign,46911.0,36224.0
ROI_4,Benign,46864.0,36319.0
ROI_4,Benign,46864.0,36342.0
ROI_4,Benign,46840.0,36390.0
ROI_4,Benign,46808.0,36429.0
ROI_4,Benign,46793.0,36484.0
ROI_4,Benign,46745.0,36556.0
ROI_4,Benign,46729.0,36611.0
ROI_4,Benign,46682.0,36666.0
ROI_4,Benign,46658.0,36706.0
ROI_4,Benign,46658.0,36721.0
ROI_4,Benign,46619.0,36769.0
ROI_4,Benign,46611.0,36793.0
ROI_4,Benign,46556.0,36856.0
ROI_4,Benign,46516.0,36927.0
ROI_4,Benign,46492.0,36951.0
ROI_4,Benign,46461.0,37022.0
ROI_4,Benign,46421.0,37069.0
ROI_4,Benign,46390.0,37148.0
ROI_4,Benign,46358.0,37187.0
ROI_4,Benign,46342.0,37227.0
ROI_4,Benign,46303.0,37266.0
ROI_4,Benign,46271.0,37330.0
ROI_4,Benign,46208.0,37424.0
ROI_4,Benign,46176.0,37456.0
ROI_4,Benign,46090.0,37630.0
ROI_4,Benign,46066.0,37654.0
ROI_4,Benign,46034.0,37709.0
ROI_4,Benign,46026.0,37748.0
ROI_4,Benign,45979.0,37827.0
ROI_4,Benign,45971.0,37875.0
ROI_4,Benign,45916.0,37938.0
ROI_4,Benign,45900.0,37993.0
ROI_4,Benign,45845.0,38088.0
ROI_4,Benign,45837.0,38120.0
ROI_4,Benign,45797.0,38167.0
ROI_4,Benign,45766.0,38246.0
ROI_4,Benign,45718.0,38309.0
ROI_4,Benign,45703.0,38357.0
ROI_4,Benign,45671.0,38396.0
ROI_4,Benign,45584.0,38562.0
ROI_4,Benign,45560.0,38586.0
ROI_4,Benign,45521.0,38680.0
ROI_4,Benign,45497.0,38704.0
ROI_4,Benign,45434.0,38807.0
ROI_4,Benign,45410.0,38823.0
ROI_4,Benign,45347.0,38925.0
ROI_4,Benign,45292.0,38981.0
ROI_4,Benign,45252.0,39067.0
ROI_4,Benign,45197.0,39131.0
ROI_4,Benign,45157.0,39162.0
ROI_4,Benign,45157.0,39170.0
ROI_4,Benign,45094.0,39233.0
ROI_4,Benign,45078.0,39265.0
ROI_4,Benign,45031.0,39312.0
ROI_4,Benign,45000.0,39375.0
ROI_4,Benign,44968.0,39407.0
ROI_4,Benign,44960.0,39431.0
ROI_4,Benign,44921.0,39470.0
ROI_4,Benign,44913.0,39470.0
ROI_4,Benign,44881.0,39526.0
ROI_4,Benign,44826.0,39589.0
ROI_4,Benign,44818.0,39612.0
ROI_4,Benign,44778.0,39652.0
ROI_4,Benign,44763.0,39691.0
ROI_4,Benign,44723.0,39723.0
ROI_4,Benign,44699.0,39770.0
ROI_4,Benign,44652.0,39818.0
ROI_4,Benign,44620.0,39873.0
ROI_4,Benign,44526.0,39960.0
ROI_4,Benign,44502.0,40000.0
ROI_4,Benign,44328.0,40165.0
ROI_4,Benign,44328.0,40173.0
ROI_4,Benign,44257.0,40244.0
ROI_4,Benign,44202.0,40315.0
ROI_4,Benign,44154.0,40347.0
ROI_4,Benign,44052.0,40458.0
ROI_4,Benign,44020.0,40473.0
ROI_4,Benign,43996.0,40497.0
ROI_4,Benign,43949.0,40560.0
ROI_4,Benign,43894.0,40616.0
ROI_4,Benign,43823.0,40718.0
ROI_4,Benign,43791.0,40734.0
ROI_4,Benign,43720.0,40813.0
ROI_4,Benign,43704.0,40845.0
ROI_4,Benign,43617.0,40932.0
ROI_4,Benign,43609.0,40932.0
ROI_4,Benign,43570.0,40979.0
ROI_4,Benign,43538.0,40995.0
ROI_4,Benign,43467.0,41074.0
ROI_4,Benign,43428.0,41145.0
ROI_4,Benign,43380.0,41192.0
ROI_4,Benign,43333.0,41279.0
ROI_4,Benign,43262.0,41358.0
ROI_4,Benign,43246.0,41398.0
ROI_4,Benign,43206.0,41445.0
ROI_4,Benign,43191.0,41477.0
ROI_4,Benign,43159.0,41500.0
ROI_4,Benign,43143.0,41532.0
ROI_4,Benign,43072.0,41611.0
ROI_4,Benign,43056.0,41642.0
ROI_4,Benign,42993.0,41698.0
ROI_4,Benign,42954.0,41753.0
ROI_4,Benign,42938.0,41793.0
ROI_4,Benign,42906.0,41816.0
ROI_4,Benign,42867.0,41872.0
ROI_4,Benign,42851.0,41911.0
ROI_4,Benign,42756.0,42014.0
ROI_4,Benign,42756.0,42030.0
ROI_4,Benign,42709.0,42109.0
ROI_4,Benign,42685.0,42172.0
ROI_4,Benign,42654.0,42195.0
ROI_4,Benign,42630.0,42227.0
ROI_4,Benign,42606.0,42274.0
ROI_4,Benign,42606.0,42290.0
ROI_4,Benign,42582.0,42322.0
ROI_4,Benign,42567.0,42361.0
ROI_4,Benign,42543.0,42385.0
ROI_4,Benign,42527.0,42417.0
ROI_4,Benign,42464.0,42480.0
ROI_4,Benign,42424.0,42559.0
ROI_4,Benign,42369.0,42606.0
ROI_4,Benign,42338.0,42654.0
ROI_4,Benign,42274.0,42717.0
ROI_4,Benign,42195.0,42780.0
ROI_4,Benign,42172.0,42819.0
ROI_4,Benign,42077.0,42890.0
ROI_4,Benign,42030.0,42946.0
ROI_4,Benign,42006.0,42954.0
ROI_4,Benign,41990.0,42977.0
ROI_4,Benign,41951.0,43001.0
ROI_4,Benign,41903.0,43056.0
ROI_4,Benign,41879.0,43064.0
ROI_4,Benign,41808.0,43120.0
ROI_4,Benign,41761.0,43143.0
ROI_4,Benign,41658.0,43254.0
ROI_4,Benign,41635.0,43262.0
ROI_4,Benign,41532.0,43372.0
ROI_4,Benign,41508.0,43380.0
ROI_4,Benign,41445.0,43443.0
ROI_4,Benign,41382.0,43491.0
ROI_4,Benign,41327.0,43554.0
ROI_4,Benign,41248.0,43625.0
ROI_4,Benign,41224.0,43672.0
ROI_4,Benign,41176.0,43720.0
ROI_4,Benign,41169.0,43744.0
ROI_4,Benign,41137.0,43775.0
ROI_4,Benign,41113.0,43823.0
ROI_4,Benign,41082.0,43862.0
ROI_4,Benign,41042.0,43894.0
ROI_4,Benign,41026.0,43925.0
ROI_4,Benign,40979.0,43965.0
ROI_4,Benign,40963.0,43996.0
ROI_4,Benign,40932.0,44028.0
ROI_4,Benign,40916.0,44067.0
ROI_4,Benign,40876.0,44099.0
ROI_4,Benign,40774.0,44210.0
ROI_4,Benign,40750.0,44218.0
ROI_4,Benign,40568.0,44407.0
ROI_4,Benign,40545.0,44447.0
ROI_4,Benign,40473.0,44518.0
ROI_4,Benign,40466.0,44541.0
ROI_4,Benign,40418.0,44597.0
ROI_4,Benign,40402.0,44628.0
ROI_4,Benign,40371.0,44652.0
ROI_4,Benign,40315.0,44755.0
ROI_4,Benign,40292.0,44778.0
ROI_4,Benign,40276.0,44818.0
ROI_4,Benign,40173.0,44913.0
ROI_4,Benign,40015.0,45078.0
ROI_4,Benign,39984.0,45094.0
ROI_4,Benign,39952.0,45134.0
ROI_4,Benign,39913.0,45157.0
ROI_4,Benign,39881.0,45205.0
ROI_4,Benign,39857.0,45213.0
ROI_4,Benign,39802.0,45268.0
ROI_4,Benign,39739.0,45308.0
ROI_4,Benign,39636.0,45394.0
ROI_4,Benign,39605.0,45410.0
ROI_4,Benign,39510.0,45497.0
ROI_4,Benign,39454.0,45529.0
ROI_4,Benign,39328.0,45639.0
ROI_4,Benign,39289.0,45663.0
ROI_4,Benign,39257.0,45703.0
ROI_4,Benign,39218.0,45718.0
ROI_4,Benign,39178.0,45766.0
ROI_4,Benign,39146.0,45781.0
ROI_4,Benign,38894.0,46026.0
ROI_4,Benign,38846.0,46050.0
ROI_4,Benign,38791.0,46105.0
ROI_4,Benign,38704.0,46161.0
ROI_4,Benign,38657.0,46208.0
ROI_4,Benign,38609.0,46232.0
ROI_4,Benign,38562.0,46271.0
ROI_4,Benign,38522.0,46287.0
ROI_4,Benign,38467.0,46327.0
ROI_4,Benign,38380.0,46406.0
ROI_4,Benign,38349.0,46421.0
ROI_4,Benign,38309.0,46469.0
ROI_4,Benign,38270.0,46492.0
ROI_4,Benign,38254.0,46516.0
ROI_4,Benign,38222.0,46532.0
ROI_4,Benign,38143.0,46611.0
ROI_4,Benign,38064.0,46666.0
ROI_4,Benign,38017.0,46714.0
ROI_4,Benign,37977.0,46737.0
ROI_4,Benign,37962.0,46737.0
ROI_4,Benign,37930.0,46769.0
ROI_4,Benign,37867.0,46808.0
ROI_4,Benign,37851.0,46808.0
ROI_4,Benign,37788.0,46856.0
ROI_4,Benign,37772.0,46856.0
ROI_4,Benign,37709.0,46887.0
ROI_4,Benign,37693.0,46903.0
ROI_4,Benign,37638.0,46927.0
ROI_4,Benign,37614.0,46951.0
ROI_4,Benign,37535.0,46990.0
ROI_4,Benign,37503.0,46998.0
ROI_4,Benign,37488.0,47014.0
ROI_4,Benign,37385.0,47061.0
ROI_4,Benign,37361.0,47085.0
ROI_4,Benign,37274.0,47124.0
ROI_4,Benign,37211.0,47172.0
ROI_4,Benign,37187.0,47180.0
ROI_4,Benign,37156.0,47219.0
ROI_4,Benign,37109.0,47251.0
ROI_4,Benign,37053.0,47274.0
ROI_4,Benign,37022.0,47298.0
ROI_4,Benign,36966.0,47314.0
ROI_4,Benign,36911.0,47361.0
ROI_4,Benign,36761.0,47440.0
ROI_4,Benign,36729.0,47472.0
ROI_4,Benign,36698.0,47480.0
ROI_4,Benign,36611.0,47551.0
ROI_4,Benign,36571.0,47567.0
ROI_4,Benign,36500.0,47622.0
ROI_4,Benign,36437.0,47646.0
ROI_4,Benign,36303.0,47733.0
ROI_4,Benign,36255.0,47748.0
ROI_4,Benign,36216.0,47772.0
ROI_4,Benign,36200.0,47772.0
ROI_4,Benign,36153.0,47804.0
ROI_4,Benign,36121.0,47812.0
ROI_4,Benign,36105.0,47827.0
ROI_4,Benign,36066.0,47843.0
ROI_4,Benign,36042.0,47867.0
ROI_4,Benign,35987.0,47890.0
ROI_4,Benign,35955.0,47914.0
ROI_4,Benign,35939.0,47914.0
ROI_4,Benign,35916.0,47938.0
ROI_4,Benign,35892.0,47946.0
ROI_4,Benign,35845.0,47993.0
ROI_4,Benign,35821.0,47993.0
ROI_4,Benign,35703.0,48056.0
ROI_4,Benign,35687.0,48056.0
ROI_4,Benign,35639.0,48080.0
ROI_4,Benign,35600.0,48120.0
ROI_4,Benign,35560.0,48127.0
ROI_4,Benign,35473.0,48183.0
ROI_4,Benign,35442.0,48191.0
ROI_4,Benign,35347.0,48262.0
ROI_4,Benign,35213.0,48325.0
ROI_4,Benign,35181.0,48333.0
ROI_4,Benign,35157.0,48357.0
ROI_4,Benign,34928.0,48467.0
ROI_4,Benign,34905.0,48491.0
ROI_4,Benign,34794.0,48546.0
ROI_4,Benign,34755.0,48578.0
ROI_4,Benign,34739.0,48578.0
ROI_4,Benign,34699.0,48617.0
ROI_4,Benign,34660.0,48633.0
ROI_4,Benign,34628.0,48665.0
ROI_4,Benign,34557.0,48704.0
ROI_4,Benign,34462.0,48791.0
ROI_4,Benign,34415.0,48815.0
ROI_4,Benign,34296.0,48925.0
ROI_4,Benign,34202.0,48973.0
ROI_4,Benign,34146.0,49020.0
ROI_4,Benign,34123.0,49052.0
ROI_4,Benign,34099.0,49060.0
ROI_4,Benign,34044.0,49115.0
ROI_4,Benign,34020.0,49154.0
ROI_4,Benign,33973.0,49202.0
ROI_4,Benign,33957.0,49233.0
ROI_4,Benign,33854.0,49344.0
ROI_4,Benign,33838.0,49375.0
ROI_4,Benign,33720.0,49486.0
ROI_4,Benign,33704.0,49510.0
ROI_4,Benign,33665.0,49526.0
ROI_4,Benign,33633.0,49557.0
ROI_4,Benign,33601.0,49565.0
ROI_4,Benign,33562.0,49597.0
ROI_4,Benign,33538.0,49605.0
ROI_4,Benign,33507.0,49636.0
ROI_4,Benign,33396.0,49691.0
ROI_4,Benign,33372.0,49715.0
ROI_4,Benign,33333.0,49731.0
ROI_4,Benign,33309.0,49755.0
ROI_4,Benign,33206.0,49786.0
ROI_4,Benign,33191.0,49802.0
ROI_4,Benign,33175.0,49802.0
ROI_4,Benign,33104.0,49842.0
ROI_4,Benign,33088.0,49842.0
ROI_4,Benign,33001.0,49897.0
ROI_4,Benign,32985.0,49897.0
ROI_4,Benign,32922.0,49936.0
ROI_4,Benign,32906.0,49936.0
ROI_4,Benign,32812.0,50015.0
ROI_4,Benign,32796.0,50015.0
ROI_4,Benign,32748.0,50039.0
ROI_4,Benign,32725.0,50063.0
ROI_4,Benign,32646.0,50102.0
ROI_4,Benign,32646.0,50110.0
ROI_4,Benign,32598.0,50157.0
ROI_4,Benign,32590.0,50157.0
ROI_4,Benign,32543.0,50205.0
ROI_4,Benign,32519.0,50213.0
ROI_4,Benign,32519.0,50221.0
ROI_4,Benign,32456.0,50284.0
ROI_4,Benign,32385.0,50339.0
ROI_4,Benign,32361.0,50387.0
ROI_4,Benign,32148.0,50608.0
ROI_4,Benign,32109.0,50679.0
ROI_4,Benign,32077.0,50710.0
ROI_4,Benign,32061.0,50750.0
ROI_4,Benign,32014.0,50789.0
ROI_4,Benign,31951.0,50876.0
ROI_4,Benign,31943.0,50900.0
ROI_4,Benign,31879.0,50971.0
ROI_4,Benign,31864.0,51018.0
ROI_4,Benign,31840.0,51042.0
ROI_4,Benign,31824.0,51074.0
ROI_4,Benign,31777.0,51113.0
ROI_4,Benign,31737.0,51169.0
ROI_4,Benign,31674.0,51232.0
ROI_4,Benign,31674.0,51240.0
ROI_4,Benign,31563.0,51358.0
ROI_4,Benign,31563.0,51366.0
ROI_4,Benign,31492.0,51429.0
ROI_4,Benign,31492.0,51437.0
ROI_4,Benign,31445.0,51477.0
ROI_4,Benign,31398.0,51532.0
ROI_4,Benign,31382.0,51540.0
ROI_4,Benign,31366.0,51571.0
ROI_4,Benign,31319.0,51619.0
ROI_4,Benign,31311.0,51642.0
ROI_4,Benign,31255.0,51698.0
ROI_4,Benign,31208.0,51769.0
ROI_4,Benign,31129.0,51856.0
ROI_4,Benign,31121.0,51903.0
ROI_4,Benign,31113.0,51911.0
ROI_4,Benign,31105.0,51982.0
ROI_4,Benign,31050.0,52109.0
ROI_4,Benign,31042.0,52172.0
ROI_4,Benign,31003.0,52274.0
ROI_4,Benign,30995.0,52353.0
ROI_4,Benign,30947.0,52424.0
ROI_4,Benign,30932.0,52472.0
ROI_4,Benign,30900.0,52511.0
ROI_4,Benign,30900.0,52527.0
ROI_4,Benign,30884.0,52551.0
ROI_4,Benign,30884.0,52582.0
ROI_4,Benign,30868.0,52614.0
ROI_4,Benign,30860.0,52685.0
ROI_4,Benign,30853.0,52693.0
ROI_4,Benign,30845.0,52804.0
ROI_4,Benign,30821.0,52875.0
ROI_4,Benign,30821.0,53080.0
ROI_4,Benign,30829.0,53088.0
ROI_4,Benign,30837.0,53230.0
ROI_4,Benign,30845.0,53238.0
ROI_4,Benign,30845.0,53270.0
ROI_4,Benign,30837.0,53278.0
ROI_4,Benign,30837.0,53349.0
ROI_4,Benign,30821.0,53388.0
ROI_4,Benign,30821.0,53420.0
ROI_4,Benign,30797.0,53491.0
ROI_4,Benign,30781.0,53515.0
ROI_4,Benign,30781.0,53538.0
ROI_4,Benign,30766.0,53562.0
ROI_4,Benign,30742.0,53633.0
ROI_4,Benign,30742.0,53657.0
ROI_4,Benign,30718.0,53696.0
ROI_4,Benign,30710.0,53736.0
ROI_4,Benign,30695.0,53751.0
ROI_4,Benign,30695.0,53767.0
ROI_4,Benign,30671.0,53815.0
ROI_4,Benign,30655.0,53830.0
ROI_4,Benign,30616.0,53917.0
ROI_4,Benign,30616.0,53981.0
ROI_4,Benign,30624.0,53988.0
ROI_4,Benign,30631.0,54044.0
ROI_4,Benign,30655.0,54091.0
ROI_4,Benign,30710.0,54146.0
ROI_4,Benign,30758.0,54146.0
ROI_4,Benign,30774.0,54139.0
ROI_4,Benign,30868.0,54052.0
ROI_4,Benign,30900.0,54036.0
ROI_4,Benign,30939.0,53949.0
ROI_4,Benign,30971.0,53917.0
ROI_4,Benign,30995.0,53862.0
ROI_4,Benign,31042.0,53791.0
ROI_4,Benign,31090.0,53641.0
ROI_4,Benign,31113.0,53601.0
ROI_4,Benign,31121.0,53570.0
ROI_4,Benign,31145.0,53538.0
ROI_4,Benign,31153.0,53491.0
ROI_4,Benign,31161.0,53483.0
ROI_4,Benign,31161.0,53451.0
ROI_4,Benign,31184.0,53380.0
ROI_4,Benign,31200.0,53357.0
ROI_4,Benign,31200.0,53333.0
ROI_4,Benign,31224.0,53278.0
ROI_4,Benign,31232.0,53214.0
ROI_4,Benign,31255.0,53159.0
ROI_4,Benign,31255.0,53112.0
ROI_4,Benign,31295.0,53001.0
ROI_4,Benign,31303.0,52922.0
ROI_4,Benign,31311.0,52914.0
ROI_4,Benign,31311.0,52867.0
ROI_4,Benign,31327.0,52827.0
ROI_4,Benign,31334.0,52772.0
ROI_4,Benign,31342.0,52764.0
ROI_4,Benign,31342.0,52717.0
ROI_4,Benign,31350.0,52709.0
ROI_4,Benign,31350.0,52598.0
ROI_4,Benign,31358.0,52590.0
ROI_4,Benign,31358.0,52535.0
ROI_4,Benign,31374.0,52488.0
ROI_4,Benign,31374.0,52417.0
ROI_4,Benign,31406.0,52338.0
ROI_4,Benign,31413.0,52290.0
ROI_4,Benign,31437.0,52243.0
ROI_4,Benign,31524.0,52140.0
ROI_4,Benign,31532.0,52116.0
ROI_4,Benign,31563.0,52077.0
ROI_4,Benign,31563.0,52061.0
ROI_4,Benign,31595.0,52014.0
ROI_4,Benign,31611.0,51974.0
ROI_4,Benign,31777.0,51800.0
ROI_4,Benign,31927.0,51603.0
ROI_4,Benign,32101.0,51429.0
ROI_4,Benign,32140.0,51358.0
ROI_4,Benign,32243.0,51248.0
ROI_4,Benign,32259.0,51216.0
ROI_4,Benign,32298.0,51176.0
ROI_4,Benign,32306.0,51153.0
ROI_4,Benign,32345.0,51113.0
ROI_4,Benign,32345.0,51105.0
ROI_4,Benign,32677.0,50758.0
ROI_4,Benign,32733.0,50718.0
ROI_4,Benign,32812.0,50639.0
ROI_4,Benign,32867.0,50616.0
ROI_4,Benign,32898.0,50584.0
ROI_4,Benign,32946.0,50560.0
ROI_4,Benign,33025.0,50489.0
ROI_4,Benign,33096.0,50450.0
ROI_4,Benign,33127.0,50442.0
ROI_4,Benign,33175.0,50402.0
ROI_4,Benign,33246.0,50379.0
ROI_4,Benign,33317.0,50331.0
ROI_4,Benign,33420.0,50284.0
ROI_4,Benign,33680.0,50197.0
ROI_4,Benign,33720.0,50165.0
ROI_4,Benign,33799.0,50126.0
ROI_4,Benign,33846.0,50078.0
ROI_4,Benign,33878.0,50071.0
ROI_4,Benign,33957.0,50015.0
ROI_4,Benign,34012.0,49992.0
ROI_4,Benign,34067.0,49952.0
ROI_4,Benign,34091.0,49913.0
ROI_4,Benign,34131.0,49873.0
ROI_4,Benign,34146.0,49834.0
ROI_4,Benign,34194.0,49786.0
ROI_4,Benign,34233.0,49715.0
ROI_4,Benign,34265.0,49684.0
ROI_4,Benign,34281.0,49652.0
ROI_4,Benign,34312.0,49628.0
ROI_4,Benign,34344.0,49557.0
ROI_4,Benign,34391.0,49494.0
ROI_4,Benign,34407.0,49447.0
ROI_4,Benign,34447.0,49407.0
ROI_4,Benign,34510.0,49368.0
ROI_4,Benign,34533.0,49344.0
ROI_4,Benign,34549.0,49336.0
ROI_4,Benign,34581.0,49336.0
ROI_4,Benign,34612.0,49320.0
ROI_4,Benign,34644.0,49320.0
ROI_4,Benign,34652.0,49312.0
ROI_4,Benign,34707.0,49304.0
ROI_4,Benign,34739.0,49289.0
ROI_4,Benign,34770.0,49289.0
ROI_4,Benign,34802.0,49273.0
ROI_4,Benign,34842.0,49273.0
ROI_4,Benign,34849.0,49265.0
ROI_4,Benign,34905.0,49257.0
ROI_4,Benign,35047.0,49194.0
ROI_4,Benign,35094.0,49194.0
ROI_4,Benign,35181.0,49162.0
ROI_4,Benign,35205.0,49162.0
ROI_4,Benign,35229.0,49146.0
ROI_4,Benign,35300.0,49123.0
ROI_4,Benign,35347.0,49115.0
ROI_4,Benign,35410.0,49083.0
ROI_4,Benign,35426.0,49067.0
ROI_4,Benign,35481.0,49060.0
ROI_4,Benign,35552.0,49036.0
ROI_4,Benign,35592.0,49036.0
ROI_4,Benign,35624.0,49020.0
ROI_4,Benign,35647.0,49020.0
ROI_4,Benign,35718.0,48996.0
ROI_4,Benign,35813.0,48933.0
ROI_4,Benign,35837.0,48933.0
ROI_4,Benign,35963.0,48870.0
ROI_4,Benign,35979.0,48870.0
ROI_4,Benign,36003.0,48846.0
ROI_4,Benign,36050.0,48823.0
ROI_4,Benign,36066.0,48807.0
ROI_4,Benign,36090.0,48807.0
ROI_4,Benign,36137.0,48775.0
ROI_4,Benign,36169.0,48767.0
ROI_4,Benign,36192.0,48751.0
ROI_4,Benign,36279.0,48736.0
ROI_4,Benign,36319.0,48712.0
ROI_4,Benign,36334.0,48712.0
ROI_4,Benign,36390.0,48665.0
ROI_4,Benign,36477.0,48641.0
ROI_4,Benign,36492.0,48625.0
ROI_4,Benign,36595.0,48586.0
ROI_4,Benign,36635.0,48554.0
ROI_4,Benign,36658.0,48546.0
ROI_4,Benign,36682.0,48522.0
ROI_4,Benign,36698.0,48522.0
ROI_4,Benign,36769.0,48491.0
ROI_4,Benign,36832.0,48443.0
ROI_4,Benign,36911.0,48420.0
ROI_4,Benign,36927.0,48404.0
ROI_4,Benign,36958.0,48396.0
ROI_4,Benign,36998.0,48372.0
ROI_4,Benign,37101.0,48341.0
ROI_4,Benign,37124.0,48317.0
ROI_4,Benign,37219.0,48270.0
ROI_4,Benign,37235.0,48270.0
ROI_4,Benign,37266.0,48246.0
ROI_4,Benign,37361.0,48214.0
ROI_4,Benign,37448.0,48143.0
ROI_4,Benign,37559.0,48096.0
ROI_4,Benign,37575.0,48080.0
ROI_4,Benign,37661.0,48041.0
ROI_4,Benign,37709.0,48009.0
ROI_4,Benign,37725.0,48009.0
ROI_4,Benign,37772.0,47985.0
ROI_4,Benign,37796.0,47969.0
ROI_4,Benign,37819.0,47938.0
ROI_4,Benign,37883.0,47914.0
ROI_4,Benign,37898.0,47898.0
ROI_4,Benign,37946.0,47875.0
ROI_4,Benign,38017.0,47851.0
ROI_4,Benign,38048.0,47812.0
ROI_4,Benign,38199.0,47733.0
ROI_4,Benign,38230.0,47725.0
ROI_4,Benign,38333.0,47630.0
ROI_4,Benign,38404.0,47598.0
ROI_4,Benign,38443.0,47551.0
ROI_4,Benign,38475.0,47535.0
ROI_4,Benign,38507.0,47503.0
ROI_4,Benign,38562.0,47480.0
ROI_4,Benign,38586.0,47456.0
ROI_4,Benign,38617.0,47440.0
ROI_4,Benign,38617.0,47432.0
ROI_4,Benign,38657.0,47393.0
ROI_4,Benign,38696.0,47361.0
ROI_4,Benign,38736.0,47345.0
ROI_4,Benign,38783.0,47298.0
ROI_4,Benign,38941.0,47219.0
ROI_4,Benign,38973.0,47180.0
ROI_4,Benign,39060.0,47140.0
ROI_4,Benign,39083.0,47116.0
ROI_4,Benign,39123.0,47101.0
ROI_4,Benign,39225.0,47006.0
ROI_4,Benign,39281.0,46974.0
ROI_4,Benign,39344.0,46911.0
ROI_4,Benign,39375.0,46903.0
ROI_4,Benign,39415.0,46872.0
ROI_4,Benign,39502.0,46824.0
ROI_4,Benign,39518.0,46800.0
ROI_4,Benign,39565.0,46777.0
ROI_4,Benign,39589.0,46753.0
ROI_4,Benign,39628.0,46737.0
ROI_4,Benign,39668.0,46706.0
ROI_4,Benign,39723.0,46635.0
ROI_4,Benign,39755.0,46619.0
ROI_4,Benign,39849.0,46532.0
ROI_4,Benign,39873.0,46524.0
ROI_4,Benign,39921.0,46477.0
ROI_4,Benign,39952.0,46461.0
ROI_4,Benign,39984.0,46421.0
ROI_4,Benign,40150.0,46334.0
ROI_4,Benign,40363.0,46137.0
ROI_4,Benign,40410.0,46090.0
ROI_4,Benign,40426.0,46058.0
ROI_4,Benign,40521.0,45963.0
ROI_4,Benign,40592.0,45908.0
ROI_4,Benign,40703.0,45853.0
ROI_4,Benign,40742.0,45821.0
ROI_4,Benign,40868.0,45695.0
ROI_4,Benign,40892.0,45687.0
ROI_4,Benign,40932.0,45639.0
ROI_4,Benign,41011.0,45576.0
ROI_4,Benign,41034.0,45545.0
ROI_4,Benign,41129.0,45450.0
ROI_4,Benign,41137.0,45450.0
ROI_4,Benign,41366.0,45213.0
ROI_4,Benign,41413.0,45181.0
ROI_4,Benign,41421.0,45157.0
ROI_4,Benign,41477.0,45110.0
ROI_4,Benign,41477.0,45102.0
ROI_4,Benign,41563.0,45007.0
ROI_4,Benign,41587.0,44960.0
ROI_4,Benign,41619.0,44921.0
ROI_4,Benign,41674.0,44873.0
ROI_4,Benign,41737.0,44794.0
ROI_4,Benign,41800.0,44739.0
ROI_4,Benign,41816.0,44707.0
ROI_4,Benign,41840.0,44684.0
ROI_4,Benign,41864.0,44628.0
ROI_4,Benign,41919.0,44557.0
ROI_4,Benign,41927.0,44526.0
ROI_4,Benign,41982.0,44462.0
ROI_4,Benign,41998.0,44415.0
ROI_4,Benign,42132.0,44289.0
ROI_4,Benign,42180.0,44265.0
ROI_4,Benign,42306.0,44170.0
ROI_4,Benign,42345.0,44099.0
ROI_4,Benign,42424.0,44020.0
ROI_4,Benign,42456.0,43973.0
ROI_4,Benign,42496.0,43933.0
ROI_4,Benign,42503.0,43909.0
ROI_4,Benign,42543.0,43870.0
ROI_4,Benign,42559.0,43838.0
ROI_4,Benign,42725.0,43665.0
ROI_4,Benign,42740.0,43625.0
ROI_4,Benign,42764.0,43601.0
ROI_4,Benign,42804.0,43530.0
ROI_4,Benign,42922.0,43364.0
ROI_4,Benign,42922.0,43349.0
ROI_4,Benign,42946.0,43309.0
ROI_4,Benign,42962.0,43262.0
ROI_4,Benign,43001.0,43199.0
ROI_4,Benign,43033.0,43167.0
ROI_4,Benign,43048.0,43127.0
ROI_4,Benign,43112.0,43033.0
ROI_4,Benign,43120.0,43009.0
ROI_4,Benign,43167.0,42962.0
ROI_4,Benign,43254.0,42835.0
ROI_4,Benign,43301.0,42796.0
ROI_4,Benign,43317.0,42764.0
ROI_4,Benign,43428.0,42646.0
ROI_4,Benign,43483.0,42535.0
ROI_4,Benign,43507.0,42464.0
ROI_4,Benign,43546.0,42424.0
ROI_4,Benign,43554.0,42424.0
ROI_4,Benign,43586.0,42330.0
ROI_4,Benign,43633.0,42235.0
ROI_4,Benign,43728.0,42148.0
ROI_4,Benign,43759.0,42093.0
ROI_4,Benign,43823.0,42030.0
ROI_4,Benign,43830.0,42006.0
ROI_4,Benign,43862.0,41974.0
ROI_4,Benign,43870.0,41951.0
ROI_4,Benign,43917.0,41903.0
ROI_4,Benign,43957.0,41824.0
ROI_4,Benign,43996.0,41785.0
ROI_4,Benign,44012.0,41745.0
ROI_4,Benign,44099.0,41642.0
ROI_4,Benign,44139.0,41571.0
ROI_4,Benign,44178.0,41532.0
ROI_4,Benign,44186.0,41500.0
ROI_4,Benign,44210.0,41461.0
ROI_4,Benign,44210.0,41445.0
ROI_4,Benign,44249.0,41398.0
ROI_4,Benign,44281.0,41327.0
ROI_4,Benign,44375.0,41216.0
ROI_4,Benign,44383.0,41192.0
ROI_4,Benign,44431.0,41145.0
ROI_4,Benign,44478.0,41042.0
ROI_4,Benign,44533.0,40979.0
ROI_4,Benign,44557.0,40963.0
ROI_4,Benign,44573.0,40932.0
ROI_4,Benign,44731.0,40758.0
ROI_4,Benign,44786.0,40679.0
ROI_4,Benign,44842.0,40631.0
ROI_4,Benign,44889.0,40560.0
ROI_4,Benign,44944.0,40513.0
ROI_4,Benign,44960.0,40481.0
ROI_4,Benign,45000.0,40442.0
ROI_4,Benign,45000.0,40434.0
ROI_4,Benign,45142.0,40292.0
ROI_4,Benign,45189.0,40260.0
ROI_4,Benign,45205.0,40229.0
ROI_4,Benign,45276.0,40150.0
ROI_4,Benign,45308.0,40126.0
ROI_4,Benign,45347.0,40047.0
ROI_4,Benign,45442.0,39944.0
ROI_4,Benign,45450.0,39913.0
ROI_4,Benign,45481.0,39865.0
ROI_4,Benign,45505.0,39842.0
ROI_4,Benign,45521.0,39810.0
ROI_4,Benign,45576.0,39755.0
ROI_4,Benign,45592.0,39715.0
ROI_4,Benign,45655.0,39636.0
ROI_4,Benign,45718.0,39518.0
ROI_4,Benign,45821.0,39391.0
ROI_4,Benign,45860.0,39320.0
ROI_4,Benign,45947.0,39233.0
ROI_4,Benign,45987.0,39154.0
ROI_4,Benign,46018.0,39123.0
ROI_4,Benign,46034.0,39083.0
ROI_4,Benign,46058.0,39060.0
ROI_4,Benign,46090.0,38988.0
ROI_4,Benign,46121.0,38941.0
ROI_4,Benign,46137.0,38933.0
ROI_4,Benign,46153.0,38894.0
ROI_4,Benign,46184.0,38862.0
ROI_4,Benign,46208.0,38815.0
ROI_4,Benign,46216.0,38775.0
ROI_4,Benign,46240.0,38728.0
ROI_4,Benign,46263.0,38704.0
ROI_4,Benign,46295.0,38633.0
ROI_4,Benign,46319.0,38609.0
ROI_4,Benign,46358.0,38522.0
ROI_4,Benign,46358.0,38507.0
ROI_4,Benign,46374.0,38491.0
ROI_4,Benign,46382.0,38467.0
ROI_4,Benign,46469.0,38372.0
ROI_4,Benign,46492.0,38325.0
ROI_4,Benign,46516.0,38301.0
ROI_4,Benign,46524.0,38278.0
ROI_4,Benign,46587.0,38191.0
ROI_4,Benign,46627.0,38072.0
ROI_4,Benign,46745.0,37843.0
ROI_4,Benign,46745.0,37827.0
ROI_4,Benign,46808.0,37740.0
ROI_4,Benign,46816.0,37709.0
ROI_4,Benign,46895.0,37598.0
ROI_4,Benign,46919.0,37543.0
ROI_4,Benign,46958.0,37496.0
ROI_4,Benign,46974.0,37440.0
ROI_4,Benign,47006.0,37377.0
ROI_4,Benign,47022.0,37361.0
ROI_4,Benign,47045.0,37298.0
ROI_4,Benign,47093.0,37243.0
ROI_4,Benign,47116.0,37187.0
ROI_4,Benign,47219.0,37093.0
ROI_4,Benign,47219.0,37077.0
ROI_4,Benign,47282.0,36998.0
ROI_4,Benign,47298.0,36951.0
ROI_4,Benign,47345.0,36903.0
ROI_4,Benign,47353.0,36879.0
ROI_4,Benign,47377.0,36856.0
ROI_4,Benign,47472.0,36714.0
ROI_4,Benign,47488.0,36650.0
ROI_4,Benign,47519.0,36595.0
ROI_4,Benign,47543.0,36508.0
ROI_4,Benign,47582.0,36429.0
ROI_4,Benign,47598.0,36413.0
ROI_4,Benign,47638.0,36287.0
ROI_4,Benign,47677.0,36232.0
ROI_4,Benign,47701.0,36176.0
ROI_4,Benign,47717.0,36161.0
ROI_4,Benign,47725.0,36121.0
ROI_4,Benign,47764.0,36042.0
ROI_4,Benign,47764.0,36026.0
ROI_4,Benign,47796.0,35987.0
ROI_4,Benign,47804.0,35947.0
ROI_4,Benign,47851.0,35860.0
ROI_4,Benign,47867.0,35774.0
ROI_4,Benign,47898.0,35679.0
ROI_4,Benign,47914.0,35655.0
ROI_4,Benign,47914.0,35624.0
ROI_4,Benign,47930.0,35600.0
ROI_4,Benign,47962.0,35497.0
ROI_4,Benign,47977.0,35473.0
ROI_4,Benign,47977.0,35442.0
ROI_4,Benign,47993.0,35410.0
ROI_4,Benign,47993.0,35379.0
ROI_4,Benign,48001.0,35371.0
ROI_4,Benign,48009.0,35308.0
ROI_4,Benign,48017.0,35300.0
ROI_4,Benign,48017.0,35213.0
ROI_4,Benign,48025.0,35205.0
ROI_4,Benign,48025.0,35165.0
ROI_4,Benign,48104.0,34968.0
ROI_4,Benign,48135.0,34770.0
ROI_4,Benign,48143.0,34763.0
ROI_4,Benign,48143.0,34731.0
ROI_4,Benign,48159.0,34684.0
ROI_4,Benign,48214.0,34581.0
ROI_4,Benign,48214.0,34549.0
ROI_4,Benign,48230.0,34526.0
ROI_4,Benign,48230.0,34502.0
ROI_4,Benign,48301.0,34312.0
ROI_4,Benign,48309.0,34233.0
ROI_4,Benign,48325.0,34194.0
ROI_4,Benign,48325.0,34083.0
ROI_4,Benign,48317.0,34075.0
ROI_4,Benign,48317.0,34036.0
ROI_4,Benign,48333.0,33996.0
ROI_4,Benign,48333.0,33973.0
ROI_4,Benign,48364.0,33894.0
ROI_4,Benign,48372.0,33838.0
ROI_4,Benign,48404.0,33744.0
ROI_4,Benign,48467.0,33672.0
ROI_4,Benign,48483.0,33625.0
ROI_4,Benign,48491.0,33562.0
ROI_4,Benign,48499.0,33554.0
ROI_4,Benign,48507.0,33491.0
ROI_4,Benign,48522.0,33467.0
ROI_4,Benign,48522.0,33436.0
ROI_4,Benign,48530.0,33428.0
ROI_4,Benign,48538.0,33254.0
ROI_4,Benign,48546.0,33246.0
ROI_4,Benign,48562.0,33167.0
ROI_4,Benign,48586.0,33120.0
ROI_4,Benign,48593.0,33009.0
ROI_4,Benign,48601.0,33001.0
ROI_4,Benign,48601.0,32819.0
ROI_4,Benign,48609.0,32812.0
ROI_4,Benign,48617.0,32654.0
ROI_4,Benign,48625.0,32646.0
ROI_4,Benign,48625.0,32448.0
ROI_4,Benign,48633.0,32440.0
ROI_4,Benign,48641.0,32385.0
ROI_4,Benign,48665.0,32361.0
ROI_4,Benign,48665.0,32345.0
ROI_4,Benign,48680.0,32322.0
ROI_4,Benign,48783.0,32014.0
ROI_4,Benign,48783.0,31887.0
ROI_4,Benign,48815.0,31808.0
ROI_4,Benign,48830.0,31721.0
ROI_4,Benign,48870.0,31611.0
ROI_4,Benign,48878.0,31524.0
ROI_4,Benign,48886.0,31516.0
ROI_4,Benign,48886.0,31477.0
ROI_4,Benign,48894.0,31469.0
ROI_4,Benign,48894.0,31406.0
ROI_4,Benign,48902.0,31398.0
ROI_4,Benign,48909.0,31311.0
ROI_4,Benign,48933.0,31240.0
ROI_4,Benign,48941.0,31161.0
ROI_4,Benign,48957.0,31121.0
ROI_4,Benign,48965.0,31058.0
ROI_4,Benign,48988.0,30987.0
ROI_4,Benign,48996.0,30860.0
ROI_4,Benign,49004.0,30853.0
ROI_4,Benign,49012.0,30758.0
ROI_4,Benign,49075.0,30608.0
ROI_4,Benign,49083.0,30560.0
ROI_4,Benign,49115.0,30489.0
ROI_4,Benign,49131.0,30426.0
ROI_4,Benign,49194.0,30300.0
ROI_4,Benign,49202.0,30252.0
ROI_4,Benign,49249.0,30142.0
ROI_4,Benign,49257.0,30031.0
ROI_4,Benign,49265.0,30023.0
ROI_4,Benign,49265.0,29984.0
ROI_4,Benign,49281.0,29936.0
ROI_4,Benign,49281.0,29873.0
ROI_4,Benign,49296.0,29826.0
ROI_4,Benign,49320.0,29794.0
ROI_4,Benign,49344.0,29723.0
ROI_4,Benign,49360.0,29699.0
ROI_4,Benign,49375.0,29628.0
ROI_4,Benign,49383.0,29620.0
ROI_4,Benign,49383.0,29597.0
ROI_4,Benign,49391.0,29589.0
ROI_4,Benign,49391.0,29565.0
ROI_4,Benign,49415.0,29526.0
ROI_4,Benign,49439.0,29447.0
ROI_4,Benign,49478.0,29391.0
ROI_4,Benign,49478.0,29375.0
ROI_4,Benign,49494.0,29352.0
ROI_4,Benign,49502.0,29296.0
ROI_4,Benign,49518.0,29273.0
ROI_4,Benign,49533.0,29218.0
ROI_4,Benign,49533.0,29178.0
ROI_4,Benign,49557.0,29139.0
ROI_4,Benign,49557.0,29115.0
ROI_4,Benign,49573.0,29083.0
ROI_4,Benign,49573.0,29052.0
ROI_4,Benign,49589.0,29012.0
ROI_4,Benign,49589.0,28925.0
ROI_4,Benign,49597.0,28917.0
ROI_4,Benign,49605.0,28807.0
ROI_4,Benign,49612.0,28799.0
ROI_4,Benign,49620.0,28728.0
ROI_4,Benign,49652.0,28641.0
ROI_4,Benign,49652.0,28593.0
ROI_4,Benign,49660.0,28586.0
ROI_4,Benign,49668.0,28538.0
ROI_4,Benign,49684.0,28522.0
ROI_4,Benign,49707.0,28475.0
ROI_4,Benign,49739.0,28380.0
ROI_4,Benign,49747.0,28301.0
ROI_4,Benign,49755.0,28293.0
ROI_4,Benign,49755.0,28246.0
ROI_4,Benign,49778.0,28183.0
ROI_4,Benign,49778.0,28159.0
ROI_4,Benign,49794.0,28135.0
ROI_4,Benign,49802.0,28064.0
ROI_4,Benign,49826.0,27993.0
ROI_4,Benign,49826.0,27969.0
ROI_4,Benign,49842.0,27938.0
ROI_4,Benign,49842.0,27906.0
ROI_4,Benign,49881.0,27788.0
ROI_4,Benign,49889.0,27685.0
ROI_4,Benign,49897.0,27677.0
ROI_4,Benign,49897.0,27646.0
ROI_4,Benign,49928.0,27559.0
ROI_4,Benign,49936.0,27480.0
ROI_4,Benign,49960.0,27424.0
ROI_4,Benign,49960.0,27401.0
ROI_4,Benign,49976.0,27353.0
ROI_4,Benign,50000.0,27314.0
ROI_4,Benign,50007.0,27266.0
ROI_4,Benign,50023.0,27243.0
ROI_4,Benign,50031.0,27187.0
ROI_4,Benign,50055.0,27116.0
ROI_4,Benign,50071.0,27093.0
ROI_4,Benign,50071.0,27077.0
ROI_4,Benign,50102.0,27006.0
ROI_4,Benign,50110.0,26951.0
ROI_4,Benign,50118.0,26943.0
ROI_4,Benign,50118.0,26911.0
ROI_4,Benign,50126.0,26903.0
ROI_4,Benign,50134.0,26824.0
ROI_4,Benign,50150.0,26785.0
ROI_4,Benign,50150.0,26753.0
ROI_4,Benign,50165.0,26698.0
ROI_4,Benign,50181.0,26674.0
ROI_4,Benign,50181.0,26635.0
ROI_4,Benign,50189.0,26627.0
ROI_4,Benign,50189.0,26603.0
ROI_4,Benign,50205.0,26563.0
ROI_4,Benign,50205.0,26532.0
ROI_4,Benign,50221.0,26492.0
ROI_4,Benign,50221.0,26453.0
ROI_4,Benign,50236.0,26429.0
ROI_4,Benign,50244.0,26382.0
ROI_4,Benign,50268.0,26319.0
ROI_4,Benign,50276.0,26216.0
ROI_4,Benign,50284.0,26208.0
ROI_4,Benign,50284.0,26176.0
ROI_4,Benign,50300.0,26137.0
ROI_4,Benign,50308.0,25979.0
ROI_4,Benign,50323.0,25939.0
ROI_4,Benign,50323.0,25908.0
ROI_4,Benign,50331.0,25900.0
ROI_4,Benign,50323.0,25592.0
ROI_4,Benign,50315.0,25584.0
ROI_4,Benign,50315.0,25537.0
ROI_4,Benign,50308.0,25529.0
ROI_4,Benign,50300.0,25363.0
ROI_4,Benign,50292.0,25355.0
ROI_4,Benign,50292.0,25308.0
ROI_4,Benign,50284.0,25300.0
ROI_4,Benign,50284.0,25181.0
ROI_4,Benign,50315.0,25086.0
ROI_4,Benign,50308.0,24944.0
ROI_4,Benign,50315.0,24936.0
ROI_4,Benign,50331.0,24826.0
ROI_4,Benign,50379.0,24691.0
ROI_4,Benign,50394.0,24589.0
ROI_4,Benign,50458.0,24478.0
ROI_4,Benign,50481.0,24383.0
ROI_4,Benign,50505.0,24344.0
ROI_4,Benign,50513.0,24296.0
ROI_4,Benign,50521.0,24289.0
ROI_4,Benign,50521.0,24257.0
ROI_4,Benign,50545.0,24186.0
ROI_4,Benign,50545.0,24154.0
ROI_4,Benign,50560.0,24123.0
ROI_4,Benign,50568.0,23973.0
ROI_4,Benign,50576.0,23965.0
ROI_4,Benign,50576.0,23878.0
ROI_4,Benign,50584.0,23870.0
ROI_4,Benign,50584.0,23830.0
ROI_4,Benign,50592.0,23823.0
ROI_4,Benign,50592.0,23783.0
ROI_4,Benign,50600.0,23775.0
ROI_4,Benign,50600.0,23720.0
ROI_4,Benign,50608.0,23712.0
ROI_4,Benign,50600.0,23704.0
ROI_4,Benign,50592.0,23554.0
ROI_4,Benign,50584.0,23546.0
ROI_4,Benign,50576.0,23491.0
ROI_4,Benign,50545.0,23428.0
ROI_4,Benign,50545.0,23396.0
ROI_4,Benign,50537.0,23388.0
ROI_4,Benign,50529.0,23317.0
ROI_4,Benign,50521.0,23309.0
ROI_4,Benign,50545.0,23254.0
ROI_4,Benign,50545.0,23135.0
ROI_4,Benign,50568.0,23080.0
ROI_4,Benign,50576.0,23009.0
ROI_4,Benign,50584.0,23001.0
ROI_4,Benign,50584.0,22938.0
ROI_4,Benign,50576.0,22930.0
ROI_4,Benign,50576.0,22890.0
ROI_4,Benign,50568.0,22883.0
ROI_4,Benign,50568.0,22725.0
ROI_4,Benign,50560.0,22717.0
ROI_4,Benign,50560.0,22669.0
ROI_4,Benign,50545.0,22622.0
ROI_4,Benign,50513.0,22551.0
ROI_4,Benign,50513.0,22535.0
ROI_4,Benign,50497.0,22511.0
ROI_4,Benign,50497.0,22488.0
ROI_4,Benign,50450.0,22369.0
ROI_4,Benign,50434.0,22243.0
ROI_4,Benign,50371.0,22077.0
ROI_4,Benign,50379.0,21856.0
ROI_4,Benign,50371.0,21848.0
ROI_4,Benign,50371.0,21777.0
ROI_4,Benign,50331.0,21721.0
ROI_4,Benign,50331.0,21666.0
ROI_4,Benign,50308.0,21627.0
ROI_4,Benign,50276.0,21674.0
ROI_4,Benign,50252.0,21682.0
ROI_4,Benign,50236.0,21666.0
ROI_4,Benign,50229.0,21611.0
ROI_4,Benign,50221.0,21603.0
ROI_4,Benign,50221.0,21556.0
ROI_4,Benign,50205.0,21532.0
ROI_4,Benign,50165.0,21524.0
ROI_4,Benign,50142.0,21500.0
ROI_4,Benign,50126.0,21437.0
ROI_4,Benign,50078.0,21382.0
ROI_4,Benign,50063.0,21327.0
ROI_4,Benign,50015.0,21248.0
ROI_4,Benign,50031.0,21200.0
ROI_4,Benign,50031.0,21169.0
ROI_4,Benign,49976.0,21113.0
ROI_4,Benign,49976.0,21050.0
ROI_4,Benign,49968.0,21042.0
ROI_4,Benign,49960.0,20979.0
ROI_4,Benign,49984.0,20955.0
ROI_4,Benign,50063.0,20971.0
ROI_4,Benign,50102.0,20939.0
ROI_4,Benign,50110.0,20924.0
ROI_4,Benign,50110.0,20853.0
ROI_4,Benign,50102.0,20829.0
ROI_4,Benign,50086.0,20813.0
ROI_4,Benign,50055.0,20805.0
ROI_4,Benign,50039.0,20829.0
ROI_4,Benign,50039.0,20868.0
ROI_4,Benign,50000.0,20947.0
ROI_4,Benign,49992.0,20955.0
ROI_4,Benign,49968.0,20947.0
ROI_4,Benign,49913.0,20884.0
ROI_4,Benign,49897.0,20853.0
ROI_4,Benign,49897.0,20766.0
ROI_4,Benign,49889.0,20758.0
ROI_4,Benign,49889.0,20679.0
ROI_4,Benign,49881.0,20671.0
ROI_4,Benign,49889.0,20647.0
ROI_4,Benign,49913.0,20624.0
ROI_4,Benign,49952.0,20631.0
ROI_4,Benign,50047.0,20718.0
ROI_4,Benign,50055.0,20734.0
ROI_4,Benign,50078.0,20710.0
ROI_4,Benign,50086.0,20687.0
ROI_4,Benign,50086.0,20647.0
ROI_4,Benign,50071.0,20600.0
ROI_4,Benign,49992.0,20537.0
ROI_4,Benign,49992.0,20489.0
ROI_4,Benign,50000.0,20481.0
ROI_4,Benign,49992.0,20410.0
ROI_4,Benign,50015.0,20363.0
ROI_4,Benign,50015.0,20347.0
ROI_4,Benign,50055.0,20276.0
ROI_4,Benign,50063.0,20229.0
ROI_4,Benign,50078.0,20197.0
ROI_4,Benign,50165.0,20110.0
ROI_4,Benign,50213.0,20078.0
ROI_4,Benign,50268.0,20055.0
ROI_4,Benign,50339.0,20000.0
ROI_4,Benign,50363.0,19992.0
ROI_4,Benign,50450.0,19905.0
ROI_4,Benign,50529.0,19739.0
ROI_4,Benign,50545.0,19723.0
ROI_4,Benign,50545.0,19699.0
ROI_4,Benign,50560.0,19684.0
ROI_4,Benign,50616.0,19565.0
ROI_4,Benign,50616.0,19549.0
ROI_4,Benign,50647.0,19478.0
ROI_4,Benign,50647.0,19454.0
ROI_4,Benign,50687.0,19391.0
ROI_4,Benign,50710.0,19289.0
ROI_4,Benign,50781.0,19218.0
ROI_4,Benign,50781.0,19210.0
ROI_4,Benign,50813.0,19186.0
ROI_4,Benign,50860.0,19091.0
ROI_4,Benign,50876.0,19075.0
ROI_4,Benign,50876.0,19060.0
ROI_4,Benign,50900.0,19020.0
ROI_4,Benign,50924.0,18941.0
ROI_4,Benign,50947.0,18902.0
ROI_4,Benign,50971.0,18830.0
ROI_4,Benign,50971.0,18807.0
ROI_4,Benign,51011.0,18712.0
ROI_4,Benign,51011.0,18688.0
ROI_4,Benign,51026.0,18657.0
ROI_4,Benign,51034.0,18609.0
ROI_4,Benign,51066.0,18562.0
ROI_4,Benign,51105.0,18443.0
ROI_4,Benign,51105.0,18420.0
ROI_4,Benign,51113.0,18412.0
ROI_4,Benign,51113.0,18309.0
ROI_4,Benign,51097.0,18262.0
ROI_4,Benign,51097.0,18206.0
ROI_4,Benign,51090.0,18199.0
ROI_4,Benign,51082.0,18096.0
ROI_4,Benign,51074.0,18088.0
ROI_4,Benign,51074.0,17969.0
ROI_4,Benign,51082.0,17962.0
ROI_4,Benign,51082.0,17725.0
ROI_4,Benign,51074.0,17717.0
ROI_4,Benign,51066.0,17638.0
ROI_4,Benign,51042.0,17590.0
ROI_4,Benign,51034.0,17519.0
ROI_4,Benign,51003.0,17424.0
ROI_4,Benign,50979.0,17401.0
ROI_4,Benign,50900.0,17274.0
ROI_4,Benign,50860.0,17180.0
ROI_4,Benign,50821.0,17140.0
ROI_4,Benign,50813.0,17116.0
ROI_4,Benign,50750.0,17053.0
ROI_4,Benign,50750.0,17045.0
ROI_4,Benign,50703.0,17006.0
ROI_4,Benign,50695.0,16982.0
ROI_4,Benign,50639.0,16935.0
ROI_4,Benign,50639.0,16927.0
ROI_4,Benign,50568.0,16864.0
ROI_4,Benign,50560.0,16848.0
ROI_4,Benign,50513.0,16824.0
ROI_4,Benign,50402.0,16729.0
ROI_4,Benign,50355.0,16706.0
ROI_4,Benign,50339.0,16706.0
ROI_4,Benign,50284.0,16666.0
ROI_4,Benign,50173.0,16642.0
ROI_4,Benign,50126.0,16619.0
ROI_4,Benign,50039.0,16595.0
ROI_4,Benign,50015.0,16579.0
ROI_4,Benign,49968.0,16563.0
ROI_4,Benign,49913.0,16556.0
ROI_4,Benign,49881.0,16540.0
ROI_4,Benign,49857.0,16540.0
ROI_4,Benign,49739.0,16492.0
ROI_4,Benign,49707.0,16492.0
ROI_4,Benign,49612.0,16461.0
ROI_4,Benign,49581.0,16461.0
ROI_4,Benign,49494.0,16429.0
ROI_4,Benign,49454.0,16429.0
ROI_4,Benign,49447.0,16421.0
ROI_4,Benign,49249.0,16421.0
ROI_4,Benign,49241.0,16413.0
ROI_4,Benign,49170.0,16413.0
ROI_4,Benign,49162.0,16421.0
